000822
300233
603289
603081
603709
301137
603285
000633
600302
603045
600753
002146
300477
301118
600319
002773
600746
301256
001217
600202
301201
300164
002207
000862
300619
002900
600513
003013
002370
603188
300920
600851
301156
600753
603679
300561
003015
600705
300753
600988
300237
300164
300238
002614
600506
300366
000868
300193
600006
601939
300139
300828
301319
603330
300589
001337
600353
600173
600355
603321
002629
600489
002290
000997
002648
600547
001289
605100
000501
600060
603186
300041
002553
000601
002342
603693
002204
600105
002115
601608
002361
002682
002054
002765
002300
002054
600081
000880
301396
600095
603693
002361
000601
002584
000518
600619
000715
002639
002655
002631
002553
002541
603312
600857
000025
300421
601608
002765
603677
600571
603078
600105
603686
000958
600126
603690
002300
002204
002708
002645
600318
002757
601519
601069
301052
605255
001382
002115
605588
600128
300230
600589
603062
600239
002682
300687
603166
000837
002342
600965
002329
600387
300834
600351
301520
002876
603170
301326
600222
002826
000790
301258
300673
301077
300966
002566
300818
002873
603168
000705
301580
603458
600833
301507
001367
301234
001228
002962
603079
002795
603122
603637
