301075
300318
300294
000975
000876
600536
002385
300127
000998
300748
300468
600259
002299
600127
601952
002365
002321
300761
603079
002007
300498
300898
300106
002458
000505
600108
002234
600392
300661
300005
000975
600467
002165
603072
603739
603693
600032
600101
000599
600368
300240
002471
600593
600789
002255
603569
002306
002800
603507
002006
000601
000822
000715
603072
002631
603739
002165
600032
000599
603693
603313
600292
600593
600215
002306
001356
601579
000880
001258
601933
002094
300240
300963
603569
002800
600368
301016
603836
603169
600101
000958
603718
002006
600318
600126
002471
000601
000822
000008
000524
601069
600789
603507
002639
001382
002923
600589
600571
002255
300980
300197
300709
300822
301389
300563
300333
301550
601555
301007
300698
002845
300968
000728
300849
300527
300785
300310
300814
300242
301202
300913
301210
000975
301205
301376
300618
300843
301160
000821
300590
300275
002142
001360
301251
301552
001326
301225
300561
300707
301361
301626
300353
301616
000828
300350
001317
301376
301528
301127
301312
301499
300853
300844
300341
301285
300782
300429
002571
300994
301399
603819
301221
300825
300659
301288
600186
001335
001335
600186
