301075
002819
301058
603029
603970
603182
002216
301138
605338
003037
600694
603708
600828
600094
002890
600193
300022
300498
600127
002254
002258
600101
600368
603739
600593
603693
002582
600789
002255
003030
603569
600593
603569
002582
600101
600368
000524
000403
003030
603693
603169
603967
600126
000958
603739
600789
000880
002255
600589
001356
600571
002819
002973
605298
002937
001283
002843
605060
001256
002715
002782
002975
603386
002723
001282
002729
605080
603380
002835
002993
603341
002913
605118
603150
603991
002796
301389
002729
001387
603275
002824
001288
001368
001266
001300
603004
002148
002876
001222
001278
001380
601133
002888
001326
301251
002620
301386
600685
601211
600160
605020
002917
001391
001391
601919
000833
002284
001207
001208
300627
002371
002594
601600
603986
605286
002371
002376
002734
002917
600428
