600353
000862
603188
002058
002471
000677
000822
300240
300722
300696
000697
600279
601083
600343
603712
002040
300922
603648
300700
301208
300875
301066
002828
600184
603261
002374
600798
603458
002825
603895
603272
001316
000998
300468
601555
300127
600590
300087
603011
600789
601933
000859
000735
600368
600300
001391
000958
000862
600744
000564
603072
002734
603477
600965
600882
600536
002567
000501
600186
000713
002165
000715
002385
600789
600593
002041
603011
000722
600101
001258
603739
001206
001226
002134
605555
002835
603275
605088
002725
002209
001366
603150
001368
002975
001282
002843
603257
300871
600965
600359
300127
300967
603609
300761
301556
603939
000529
000048
605296
300973
300294
605188
300886
600685
603236
001339
000833
300225
002284
002093
002463
002311
300308
300627
301165
600105
605286
300225
001339
002093
600268
