002471
300844
000822
003030
002187
600738
603214
301206
300528
002286
002193
002566
300947
002803
605077
600774
000632
301187
300329
001228
301389
002287
001330
002494
603500
603600
002981
600337
000014
001222
001234
301061
603979
603006
603277
605138
605158
603339
003033
605318
603076
605060
002976
603021
001373
603790
603665
002849
603992
002853
603838
001223
300858
002896
000722
002896
000716
600415
002365
000008
002582
601888
000501
600693
600300
000582
000564
002165
600186
002385
600787
603395
300077
002049
001391
000066
000816
000958
000722
600368
600536
001282
002652
603275
001298
600298
002582
600712
001318
001283
603236
001339
600673
300733
300602
300458
000729
000729
002093
002947
000089
300308
002130
001339
002093
300602
300733
600268
000089
000729
000729
001283
