002574
603499
300844
603507
002471
603657
000822
003030
000998
000425
300350
300046
300397
002396
600827
600125
600712
600415
002276
601177
000815
002265
603985
002896
603166
000905
000016
002347
000997
002102
300700
603767
603261
002685
002923
603666
002767
002630
002380
002042
603458
002825
603895
002620
603272
001256
000722
000016
603985
002276
601888
000697
000759
301228
603069
301357
603688
000920
000582
601177
002347
002163
300696
002896
002380
001256
002630
600685
002094
600279
000796
301208
300527
600017
002570
600967
600415
002923
000617
600693
000815
603767
603261
002707
002265
603166
000965
603267
603836
600764
601606
301048
603895
000501
002620
600787
600343
603272
603666
002767
603458
603712
300077
600391
300581
002685
603569
000997
600300
300892
002102
300722
600622
002040
300700
600186
000905
000066
000833
000519
000958
600368
000859
001316
601155
000886
002042
600184
002330
002374
001391
002307
002825
300810
605081
600515
002697
002049
600895
002828
300875
000816
002365
000564
002041
000507
300922
000735
002165
002385
000722
600536
600965
603477
600094
301058
300979
