000822
003030
001356
002165
000582
001256
603139
600824
600158
603139
600610
001256
601138
600610
603313
600278
300077
002165
001256
001270
002803
601069
000430
002510
002049
000417
000507
600798
000677
002187
301048
002427
000759
600415
002611
000066
000859
600859
600693
601138
600787
001391
600536
600185
601083
002276
601888
000880
600186
600746
000564
000501
000617
600300
600127
002385
600897
600755
002267
603237
300163
301626
603137
603879
603163
002875
301105
301256
300260
603072
000722
002084
300963
300395
002517
301556
000951
600359
603693
002772
000713
603221
603257
301077
600593
600371
300127
603836
002881
300505
000554
603379
002155
002942
000528
000554
002881
002942
