300970
300511
002899
002732
000567
002264
600053
300169
002301
300994
002103
002095
600643
603617
000031
002675
601388
002495
601339
001300
603700
603818
002760
600403
300086
603798
301558
603863
603215
603917
300785
001259
300792
600107
000668
603093
600824
002419
601116
002852
002549
002385
601002
601069
000796
600744
300671
603626
002165
600171
000566
300386
000524
001318
000880
002187
002685
001391
000520
000759
001287
603078
000617
000016
000582
002611
000430
000564
002077
300077
000066
600550
002385
601138
600536
001337
002276
601888
002427
600186
002537
000428
002049
000948
300661
002549
002286
002133
000622
300848
603137
301117
301230
603506
301365
002842
301331
301626
603330
603819
002427
301665
002335
301156
600969
600714
002741
002170
601083
002001
000600
603766
605117
600547
300953
601319
300926
000791
001335
600609
002741
300953
603766
000600
000966
002562
002579
600969
605117
