300970
300530
002098
603696
001209
002712
603607
301108
003020
603110
603687
000004
601279
301011
300452
600421
301055
300885
300789
300220
300619
300599
301238
003003
002848
300478
301355
003000
600969
002419
002878
600373
002001
301079
300792
300040
300220
300773
603983
300592
300071
601933
600598
002549
601888
603477
603693
002900
600859
600354
600536
600186
000016
600746
603477
002847
002487
002264
600744
002734
002611
000833
002639
601177
600053
002471
002103
002255
000670
600882
603517
300661
000062
002272
600354
002127
002155
601138
603693
600171
002640
001356
601933
603072
002481
600292
000558
601020
600186
301078
600415
002049
002276
300466
000617
000564
001391
603011
000880
600536
601888
601069
600598
600693
000430
600859
000066
002900
002163
002427
002549
300561
000626
000582
001205
301317
000007
301276
002397
603388
300915
301310
301508
001239
300898
300973
002549
002629
300871
002515
603958
300106
002900
300662
000582
300260
300561
600094
603678
000733
300468
000715
000608
603330
300416
