000965
600798
600859
000582
001368
600712
000668
300651
000031
600026
002651
000697
001316
002724
301232
300708
002560
300379
300509
600373
600595
300775
600026
603630
002315
002847
000993
002419
600969
301011
300452
000917
300592
605499
300464
002724
002878
002629
000686
300040
300885
002001
002615
301055
300789
601888
600598
002688
002084
600859
301558
600206
002272
600128
002553
002793
600735
603696
600391
300530
603955
603082
000697
603090
001395
600981
600787
000600
301108
601069
001337
601177
600505
000062
603072
000899
000066
002163
000558
002803
600415
600859
002712
002276
600171
002155
002049
000617
600610
601888
600598
002611
002487
601020
300466
001356
000639
600292
002471
603517
300703
605008
002882
000524
603456
601083
300963
002255
603607
603687
002103
000601
603693
300927
002639
001209
601138
605069
603359
601279
002717
600746
002121
002264
603335
002562
000004
001382
603011
002084
000505
600421
000880
000510
600053
000670
300994
002688
301299
600330
002724
600026
300428
603186
600299
600636
603205
605507
603558
003032
301528
300577
300235
301259
301618
300654
003005
300753
002628
301233
301276
301551
600853
300391
300608
300192
301522
300076
002893
603991
300430
603388
001380
301348
002197
