600798
000965
600859
000582
600712
300651
000031
300605
002651
000025
301232
600636
601007
300829
001316
000931
002909
300424
603205
301618
300577
002153
000850
003032
300379
301025
002651
600719
603999
600636
300775
603199
600373
300509
300364
000721
600595
300424
002173
002688
603329
600598
601888
002427
002084
600279
603329
300920
600206
300927
002272
002719
002279
002553
600610
301558
300530
600128
002427
603955
600505
600439
000428
603072
000558
600391
000899
001316
603082
002896
000600
000066
600787
601069
000697
600735
002685
603696
301108
001337
600981
002163
002611
600415
002793
601177
600171
000062
002049
601888
000617
001382
002155
600598
002276
600746
000601
002882
000524
603687
000639
001356
002712
601138
601083
603456
601020
300963
002717
002255
002639
603607
002121
000505
300703
001209
605069
002084
002562
000670
300561
603011
000510
002688
600590
603296
000880
300994
301299
603318
002898
300784
301522
002990
301233
301276
301552
301001
603310
301277
300398
300871
002094
002571
605081
600595
300979
603119
603615
301137
300503
603011
301336
300911
605319
002645
301345
300718
000710
603129
300870
