002453
600712
001259
000031
000668
603110
002719
001395
603128
002564
300501
300409
002836
300379
600575
603200
000975
300729
300501
300227
000966
300577
600719
002186
300829
300998
600868
301025
300973
300546
605009
002651
603999
600636
002153
002324
600300
603967
603329
600859
002427
301066
002820
301618
002255
600610
000668
002564
601069
603123
600644
603128
002272
300703
000670
601020
600629
600300
000558
002471
600171
600292
001337
002639
300920
000931
000566
002155
002077
002717
603296
600191
001279
000062
601138
300941
300927
603517
000601
002553
301392
000880
603072
002481
002343
000948
600859
002427
603205
002510
301066
600279
000899
000428
001228
000505
002719
603214
000600
601083
603110
600128
600206
000510
603329
002537
600505
001259
000850
600981
000524
301558
603967
002909
600439
600735
300605
301232
002279
301310
301190
002616
