300947
002566
600794
600712
002255
002843
603359
002562
603110
002564
002809
300805
300947
300616
000514
301190
600448
603801
603116
600594
002188
002836
600939
603039
603171
605287
002374
002715
300905
300155
000820
300990
002408
600266
300985
300379
000721
003000
600814
002186
300757
605108
002408
600300
603967
600859
603329
002553
600300
603777
002685
600171
603078
300941
000601
603011
001356
000505
000931
600505
603123
000062
603110
000899
600128
603517
603967
600292
000670
600610
002639
601138
000558
001228
002564
002343
000600
603329
600206
301558
600859
601069
603072
000524
002155
001337
002279
600439
300876
300679
301088
300610
301227
001277
301585
002524
301109
300955
002885
002796
001336
603310
301276
603350
603291
603518
301500
301233
301289
301336
000733
603257
600243
301052
000975
300989
000524
300169
600206
603800
002702
002582
603313
600540
000722
002163
301228
000558
603790
002532
