000428
002453
600712
002127
600053
002255
002843
002562
603110
603359
600735
301509
002177
301566
600721
301393
002724
300266
300961
300379
300022
000963
600721
301073
002889
000721
002850
300973
601678
300155
000701
600375
301393
002039
601008
002040
000920
300947
603506
603967
605179
000514
605136
001395
002987
600800
002383
002693
600250
002098
002584
603938
000668
002261
000859
002127
603928
603110
603359
300941
002343
603536
603123
002985
600575
002201
002843
600594
002453
002537
603237
600939
600857
000428
002410
603002
603078
603315
002153
002040
002255
001300
603933
603116
603931
603039
002188
002374
002155
603011
002562
301190
603801
002639
002631
603128
002719
002820
002566
600391
000920
000558
000670
603819
603967
300805
603188
000820
603506
002279
002553
600300
000062
002492
605287
300947
603171
601008
001316
002715
000899
600505
603900
000601
600292
000505
600448
603072
300616
001356
605138
301226
301153
301598
301577
300848
300363
301383
301230
301096
001282
603023
603722
301337
600513
600462
000838
002700
603162
300931
603679
002792
002253
002842
301276
301272
002723
603201
300254
002247
001299
