000428
002453
600712
002255
002843
002562
603110
603359
603955
600735
600860
002009
301631
603728
300496
300503
002117
002472
603113
600860
002009
300379
600969
301631
002555
300136
600622
000797
600868
003037
603728
000963
300505
603466
002162
300496
600793
600961
300084
300503
601008
600206
002040
002987
603938
000859
002487
000668
002261
300963
002098
002985
605136
002584
002264
600250
002255
600800
300721
600505
605179
002201
600575
002410
000601
600206
000600
000428
601007
000899
002566
000062
002279
600391
600292
600300
603072
000558
002553
002040
601008
002820
002719
000505
603128
300313
600228
300860
003032
603082
600535
002816
300998
002818
001270
300937
603800
000622
600513
603843
300295
301520
301408
300195
301383
301585
301191
603162
603216
301257
603908
002980
300164
300713
603538
002953
603045
301333
603201
603173
002247
001359
300391
301276
301277
300005
300797
300896
000716
603983
000997
002496
603843
002713
600593
002286
002272
603257
301065
301558
603072
300391
001212
603822
603813
603120
603718
300973
300963
000558
603777
000753
