000639
301558
600735
300605
002820
603123
002584
600939
002153
603042
000620
002583
002194
600119
003042
603029
600790
605033
002695
600227
002907
301258
600501
600876
601515
603178
002678
000691
002672
600648
000679
002228
002510
002423
600822
600389
600648
600838
002076
000679
600390
002800
301293
002555
002570
001337
601069
600589
002155
300139
603918
002279
600206
000639
603967
000862
600697
300892
002345
001337
002040
601069
600490
603967
002492
603918
000514
600187
600697
002570
002194
600391
002131
002345
000639
600575
600589
002479
000560
002583
600505
600860
000862
300139
002279
002427
000859
603900
600300
002155
002582
002277
002255
600206
002177
000620
603042
002261
000601
605179
601007
000428
300892
601068
300326
003023
301520
301252
301183
001225
301177
300333
301233
603255
301312
300819
300326
300076
000042
600215
300927
001356
301601
603169
300215
301498
002529
002201
300153
601595
000056
300398
300022
300857
603822
605198
300547
300378
603398
