002279
600505
000639
301558
600735
301232
002820
300605
603123
002153
002629
603042
000620
002583
002194
600822
003015
300296
603220
300351
000661
002182
300953
002231
002315
002076
002555
603728
600961
000504
002364
300690
603466
000990
301196
600793
300254
603815
300139
002279
000862
600589
001337
002155
601069
603918
002095
002716
000639
001318
002570
002345
300464
300892
000822
002365
601008
002773
600562
600206
603630
002629
603119
000626
301259
600505
600490
000639
002131
000965
601008
002365
000862
002479
600391
002095
003030
605488
002583
002194
600860
603119
301259
002279
001337
002809
600963
605358
002297
603918
300464
603697
000626
003006
600575
601069
002795
000601
002345
300139
600589
603669
002773
603308
603103
603366
002651
600562
000822
002584
603900
603991
002716
002985
600187
002235
600664
002570
002155
002427
000859
002277
001318
000560
600370
600300
002582
603237
002172
002391
002255
300972
603002
603256
603630
002261
001222
002177
000620
002446
002929
000863
300822
600609
600206
002629
301009
300892
300051
002866
002342
601007
603637
300322
603042
002836
601068
002713
