002820
300605
603205
603123
002584
002153
600939
002278
002629
000620
603042
002194
002583
300817
301613
301318
300709
300784
600615
301261
601956
001367
605018
001380
002154
301061
002520
300465
300709
301277
603728
300328
002923
300663
002640
601008
002549
600787
300350
000670
002095
001212
002155
300139
601069
003042
001337
300237
603117
603839
603029
300995
001209
002279
301486
002251
601008
603067
002549
002255
600794
002809
002640
603173
600105
603535
002446
002342
300237
600571
600787
600589
300995
003029
603042
600119
000617
000428
003042
600370
603351
600668
600505
000957
002261
002584
600738
600278
600866
600501
603029
000670
603117
000965
002131
600939
002095
603123
300531
002907
002583
002279
002317
002194
002565
000560
001209
300350
002552
600227
600300
000017
605033
600308
603697
002695
000859
001316
601069
605358
002155
001337
600865
002702
300139
600391
001212
603839
600187
002910
001322
301578
603788
001332
603150
002808
603273
301603
603130
300225
300468
000566
000759
002095
300989
301601
300605
600590
300871
301116
600753
301392
300469
300689
600039
300897
603630
