002153
600939
000620
002583
002194
000881
600051
603335
603399
603226
300824
603065
000698
605300
300528
000767
603102
600983
600982
301171
600629
000966
300867
600467
603065
000698
605300
300007
003010
300225
605567
600884
000937
600742
600507
300528
000767
603809
603605
001219
300644
603087
002630
301277
002457
001282
300724
002094
000678
002640
601008
000837
002549
002648
000862
601177
600988
600200
002369
600787
002708
300892
000670
001212
300972
300822
300778
002492
002562
000560
002194
002446
605358
000678
000862
300892
001222
603697
605208
600308
002565
600794
002255
600592
002094
000859
605179
000837
601177
600860
002085
600391
002553
003021
002648
600105
002708
002383
000670
001212
600988
002164
002054
600300
603178
002278
002131
002261
002657
002583
002697
002627
000617
002369
600787
600589
600865
601188
600790
601008
002640
002549
600738
600571
600187
603535
600200
300773
300716
300460
300205
002581
300572
605189
002931
301285
301552
603310
603388
001332
001260
301255
002858
603211
603922
000056
300989
300572
300963
002667
002630
603398
300773
300757
603268
300758
301259
000004
600738
300189
600300
603813
000528
