600278
601188
600051
300695
002786
603980
600774
603030
002382
002513
603790
603922
002633
603958
300911
603193
301372
300538
600638
603855
002615
600262
603108
601766
600315
600410
600589
600610
600822
600200
600610
603319
601177
600589
600744
601188
600592
601008
002251
600678
601956
600668
603605
600822
600578
600726
600101
600396
600310
600505
600200
301100
002898
300564
002572
002483
603388
000890
001266
002778
301234
605081
603381
301309
301037
603391
603190
002718
002771
003028
002830
301266
603272
603307
301231
001210
301259
603516
002494
002723
001288
300423
301522
001225
000862
605179
300972
605188
001277
600238
300267
603042
603389
000510
603508
300472
002584
300753
300570
300010
300466
300468
000600
