002358
603286
002816
603729
601869
002896
002757
301219
002036
300134
600126
600571
000039
002212
603200
600989
300161
301498
600722
603699
000830
600313
603980
002819
601665
002098
603499
600977
301318
000895
300134
300936
301307
300916
300667
300762
002544
002036
601965
603025
603906
603095
300443
603786
300767
603031
300678
002409
300249
002187
300333
300857
002117
603665
300493
002931
605179
300059
300033
300959
603118
000736
600693
301380
300715
301602
603819
002583
300660
301171
300085
000880
300344
300561
002582
300377
600579
603166
301458
301315
002552
603991
301183
300913
300153
301397
300757
300499
300548
002674
001356
301076
002917
300093
002390
002733
002358
600889
301261
603312
300580
600487
300127
301325
600580
000533
301631
300403
605555
300399
300921
301361
300793
301439
300010
603138
300391
300245
603082
601777
601138
601933
002122
300166
603803
301280
300822
300795
002050
002009
002403
002175
300961
300383
300017
002892
301596
301157
002689
603516
603662
600865
300693
300613
300598
300382
300496
300224
002779
603728
000988
301018
603690
603009
601137
301328
301413
301165
300502
600418
301286
600673
