300530
301238
603477
002238
300816
002307
000686
002883
603086
603815
002694
605298
301408
300426
600975
000686
002157
600779
600199
002902
300528
002244
603955
300311
601595
301487
300705
603369
002193
600975
603312
001256
603275
002917
300469
002484
003004
301596
301498
301076
300718
603286
603119
600580
300822
002403
300790
002657
301299
003021
603583
002779
300638
300580
603236
300571
301160
600602
300383
002861
300166
300698
603516
002042
300839
300583
300688
301210
002205
300603
002582
301486
002292
603409
300488
603409
002054
002311
