603366
002418
000516
002910
301320
603163
603216
600588
300170
300682
301027
300133
603600
001330
601595
300426
300788
300528
603200
301004
001283
000868
600884
300765
600761
300047
300547
300166
603665
301193
000423
300436
600398
300895
002262
603095
300697
600612
600285
300031
603171
300491
600439
300693
605016
001298
002616
000967
001324
603109
002686
002133
603818
600217
603917
603269
603789
002848
603070
002893
002198
603637
603389
603838
603360
002816
002058
603813
301365
001298
002616
000967
001324
603109
002686
002133
603818
600217
603917
603269
603789
002848
603070
002893
002198
603637
603389
603838
603360
002816
002058
603813
301365
001298
002616
000967
001324
603109
002686
002133
603818
600217
603917
603269
603789
002848
603070
002893
002198
603637
603389
603838
603360
002816
002058
603813
301365
000516
300693
605016
