603103
600868
300071
300946
300648
300490
603209
002290
600058
002827
605255
003013
603767
601665
002606
300539
300689
300062
603312
002985
002134
603617
300075
603767
002428
601020
601059
601665
002598
002606
300539
300062
300040
603312
600967
300415
300693
002985
002134
002879
000506
603215
603779
301238
603085
002238
001279
001231
001260
601133
301581
002213
300380
301378
002530
300494
300299
001229
300792
605179
603920
301270
002599
300253
301486
300280
002369
300953
603296
002484
301127
300078
301160
300244
603039
002575
603327
002444
002347
300245
002131
300298
301058
603882
600797
605016
002790
300610
603838
