600811
002364
300071
002030
002622
603990
002343
600353
002535
600376
603489
002522
301024
002399
603261
603926
603903
603316
300593
002722
600884
603956
301168
603271
002790
300610
603838
001395
600035
603271
301106
301100
301125
001226
301233
000633
001299
001209
001313
301161
301587
600160
002946
002347
300766
301062
603636
603356
300998
603389
300468
002717
002354
000595
301125
600160
002946
002347
300766
301062
603636
603356
300998
603389
300468
002717
002354
000595
301125
600160
002946
002347
300766
301062
603636
603356
300998
603389
300468
002717
002354
000595
301125
603956
300071
603636
002030
002622
603990
600498
300359
603315
603813
