002030
600498
002622
603990
300359
603813
000065
002030
600498
002622
603990
300359
603813
000065
300019
600316
603678
605366
300246
002224
002838
600992
002795
002390
002427
000782
601566
000590
600861
605286
300582
300121
301013
300752
001318
301233
301508
002723
301289
301112
002591
001326
300766
603991
000042
300674
301155
002347
301396
600119
603226
603518
002112
300946
003036
603848
001313
300077
300476
600696
600418
301205
300502
301183
600584
600580
002611
300865
300484
000903
002553
301210
300897
603271
001395
300498
300627
300999
600035
603271
002158
300002
