300148
000949
002498
600841
300103
002515
600509
002928
301281
300126
600179
600984
603359
605208
600302
603115
605287
001223
300500
300374
001231
002888
301533
603319
300638
300161
003001
605398
301389
300454
603636
300679
603583
301366
603716
603004
603109
603337
603758
000036
300766
603308
002987
300432
603915
605133
301383
300553
300680
603119
300674
600120
002467
301082
300921
301049
002397
301121
300687
301608
300489
300980
002134
300217
300691
603201
300938
603638
300323
300809
300543
603158
603667
603882
603150
300562
002801
605186
002698
301325
300953
300570
300566
300693
300580
300244
603596
600580
601689
603197
603009
600186
605378
301459
301110
301007
300790
603211
300100
002922
300749
002306
603920
002229
603663
002175
300758
300287
301023
301413
300503
300946
300277
300428
300824
002152
002201
300403
301158
