000034
603809
001389
002973
300835
300953
300170
300547
300757
603629
300652
300478
002238
301259
301191
300693
002042
300321
300622
301165
002133
000793
600758
603918
002253
000681
002712
300805
605336
300654
300743
002121
000032
300454
603308
603063
301173
002152
002201
300112
300403
301158
000088
002043
002063
002454
002498
002536
002557
002648
002651
002673
003008
300306
600984
601568
300618
300083
002176
301219
002514
300337
002855
300814
300145
600458
300590
002343
300618
300083
002176
301219
002514
300337
002855
300145
600458
300590
002343
