301300
600193
002427
300214
600192
300175
300126
301600
300556
300293
000980
002387
300337
002855
300083
300618
301600
300537
301219
300556
002514
301392
300145
300554
301091
301186
002343
600267
300935
600640
603885
002399
002727
000881
002048
600586
301232
601717
603020
301079
603178
603267
603089
300930
301608
002616
603683
301319
300449
002529
002830
003007
300885
300830
301508
600785
301592
603320
000010
300108
002305
301329
001268
301173
000088
002043
002063
002454
002498
002536
002557
002648
002651
002673
003008
300306
600984
601568
