300035
300173
603037
600200
300061
002882
300109
000721
300340
000627
300618
300183
603719
300037
002167
300769
605337
603163
002261
601177
603881
000816
603956
600100
600797
600050
300442
002929
002364
603728
601995
300148
600280
000566
600192
002402
002335
603662
002769
002654
000016
000158
600811
002085
600355
000801
002434
002616
603728
000981
603626
000980
002046
002281
002067
600050
002152
002929
000938
600100
300442
603881
601177
603002
002474
002520
002261
002209
002364
000536
600797
603667
000816
603956
