300035
300173
300061
600200
002882
603037
000721
300109
000627
300618
300340
300183
603719
300037
300769
605337
002167
002261
600602
000032
601177
000816
603881
002599
603956
600100
600050
600797
300383
300442
002364
002929
603728
002975
601995
002527
300148
001309
600280
603300
002536
000566
600192
002402
300134
600225
002335
603662
002769
603915
002031
002654
000016
000158
300068
600811
002085
600355
000801
002434
002616
002126
600835
003021
603728
600302
000981
603626
000980
002046
002334
002281
002067
002765
600050
002152
002929
000938
300383
600100
300077
300442
603881
300153
600590
300083
601177
002474
002520
002261
000892
000887
002364
000815
000536
600797
603667
600203
000816
600602
002522
300214
002599
603956
000032
000573
002501
