600470
600665
300076
002140
000036
002207
300191
301022
001359
000570
603595
002382
605178
002170
603813
300988
002114
002428
603126
002094
002162
000420
002882
603686
300035
600698
000736
600200
002271
300061
002357
002761
300399
301622
002114
000721
600868
601136
301487
603398
301082
002706
002261
600811
603667
600602
601177
603881
603662
002364
603956
000816
600050
600100
603728
002290
600355
600797
000065
002307
002225
603887
002838
603072
603660
600622
000759
605179
300915
603991
002488
600869
002290
000536
600210
002364
002163
600778
600212
603336
603777
600246
000581
000065
002741
002187
000801
600076
600050
600100
603956
605378
002474
002281
002048
000785
000530
601177
002654
002261
603667
002406
002152
000882
000981
002085
601881
000938
000816
600729
600811
000980
600797
000016
601995
603300
603881
301366
002335
002402
603662
603728
600355
002520
000158
600602
603085
603278
002105
300892
003030
002858
001222
301387
002702
603091
002885
301131
300565
300648
300465
300173
000695
300071
300468
300047
002031
002530
000533
300718
301607
002577
300941
002681
601010
300344
300377
301067
300063
301316
300229
002865
301248
301121
300231
301568
301380
301170
603322
301325
000710
000158
300493
002843
000679
300293
300918
301072
300892
601777
300738
300846
301191
603665
300007
300698
301310
603121
300475
002213
301023
300779
301076
301397
300730
300539
002398
300546
300961
300147
300166
603789
301139
300472
300697
603859
300126
001282
002747
300383
301252
300793
002975
000032
301007
002520
300681
002335
603040
001382
603124
001382
002053
002091
002130
002139
002140
002204
002233
002287
002334
002338
002507
002598
002705
002912
300026
300160
300260
300308
300389
300412
300471
300549
300628
300666
600183
603124
605050
