300663
600200
000721
300618
300109
300484
300340
301316
603719
300355
301182
601116
300183
300769
001382
603124
001382
002053
002091
002130
002139
002140
002204
002233
002287
002334
002338
002507
002598
002705
002912
300026
300160
300260
300412
600183
603124
605050
300302
300035
300530
300173
300061
600200
002882
000721
603037
300109
000627
300618
300340
301226
603719
300183
300037
300769
000886
605337
002261
600602
000032
601177
000816
603881
002599
603956
600100
600050
600797
300383
300442
002364
002929
603728
002261
600602
000032
601177
000816
603881
002599
603956
600100
600050
600797
300383
300442
002364
002929
603728
