603219
300988
300035
002091
300302
300173
002167
300530
002271
600200
002882
300898
600478
300109
300340
301187
000721
301361
300890
300183
300037
301335
300618
300769
000700
301226
002261
603881
601177
000816
600050
603956
600100
600797
002929
300442
603728
002364
601728
600212
002741
603956
603072
605378
600076
300746
605179
603777
600167
600210
603626
603496
002306
603336
002778
600191
000759
002769
301135
603196
002042
000536
605108
600693
605080
601728
600100
600778
002048
002361
000530
603070
002163
002488
000796
600050
000981
002261
000980
000058
603823
002152
002979
603700
000816
002406
000785
002596
000566
002187
000016
002474
000938
600192
600094
300148
300442
601956
002067
000619
002298
002434
002364
605319
002654
002402
600811
600797
001282
600729
000882
002660
603278
601881
000801
000158
600280
600689
002085
601177
603728
603881
002281
601995
600126
002929
002520
600355
603662
002335
603667
301366
301117
000607
001382
603124
001382
002053
002091
002130
002139
002140
002204
002233
002287
002334
002338
002507
002598
002705
002912
300026
300160
300260
300412
600183
603124
605050
