300134
600355
000056
002402
000980
601881
000981
600592
600729
301135
603823
002177
603855
600229
000409
002869
301112
600229
301558
002659
300986
300093
000812
300983
002145
600980
002136
603630
603978
301195
002756
002581
301177
001260
002898
301613
000545
000962
002713
603518
002192
002188
002826
001206
003030
603955
003001
600358
301577
300892
603409
002882
002428
002827
600200
300108
300988
002177
002094
300618
300355
603686
002096
300280
603126
600129
601020
600698
002869
300890
002162
600229
002170
002805
300183
002538
300386
002114
600811
002031
000158
603667
601177
000981
600602
002402
002085
603662
002335
603956
000032
000816
002599
600100
002152
002520
002290
600355
000815
002741
600206
605378
601177
301022
300746
600210
002140
600470
000882
000801
001359
000981
002031
002178
002520
300076
000536
000036
002152
000816
002085
000785
600734
600696
600100
000032
000158
605178
301182
000530
601995
002599
002654
603072
600602
603813
002382
603667
600622
002187
603595
002402
002225
002616
603777
600693
601881
002692
002048
300191
603958
003033
600665
000815
600355
603991
002207
002290
002335
603037
603021
002406
603085
000678
002307
603662
002582
600238
603690
000570
605179
603956
600076
000759
603660
600811
605300
