300134
600355
000980
000981
600592
600729
603823
603399
300195
603936
002942
000688
603978
603855
002581
603326
605133
603135
002428
002145
002812
603026
600200
603686
300280
002517
002255
002882
300446
002416
603527
002469
001301
600808
300390
300484
002094
301219
002226
603912
603135
002805
300041
002366
603612
002193
300457
002407
002162
002532
300694
301187
603227
000534
002271
600811
002031
000158
002085
000981
601177
603667
600602
002402
603662
603956
000816
002335
600100
002140
002167
603777
300746
603072
600586
002769
000801
600693
002741
300076
002187
000036
002085
000882
600210
000816
601177
002178
000981
600206
600470
001359
000785
000158
002031
000536
601995
600100
600602
000759
601881
002654
002402
002335
603667
603690
600734
603662
600238
000678
301182
603037
600811
002582
603956
603660
605300
600246
300986
001260
002825
603333
300164
605001
603057
301586
003030
002188
001277
603391
300153
600506
603887
600871
300245
300757
600841
605196
603516
002384
300031
601777
603991
600491
300870
603322
000880
603409
300446
002378
