000981
301003
603320
300539
600094
600729
603219
000980
000056
600076
000058
600191
300915
605300
600238
002582
600734
301182
002933
600391
002955
301112
300512
603261
300777
603580
300424
603385
600259
600391
002955
300986
600200
002428
601020
301487
002155
300386
301459
600316
001206
300108
002145
603810
002882
603686
301631
300280
603385
002861
603026
301622
002094
300446
600126
002031
002896
603667
000981
000536
002402
601881
002501
002689
000816
603956
603626
600203
002520
603275
002654
002522
002031
605133
002896
002689
002178
600281
603037
600619
603716
002520
603667
600238
002326
301396
000980
000056
002522
000816
603399
003010
002917
603630
000058
002942
301182
000016
600105
000688
002501
000555
002402
603011
002654
002853
000590
600192
603275
603602
601611
603326
600363
000973
603683
000801
601881
603086
603032
300195
600203
600129
002581
600400
603876
603978
000619
000981
603626
601789
603985
600376
002037
000536
600478
002187
603936
002759
000695
000785
603072
300530
600210
603777
600126
603823
300619
002140
603956
002167
605378
603660
002582
600206
002741
605300
000929
301083
002550
002715
002813
002972
603880
301209
603090
002350
300938
002452
300786
603116
603190
603075
300713
301261
003001
001373
002378
