603219
000981
002616
300539
301003
600094
600729
000980
600592
000056
600076
600191
000058
300915
605300
600238
002582
600734
301182
002955
603385
002955
300386
002428
301487
301631
002145
300986
300108
600679
600200
603026
603385
002882
301622
603686
300446
603527
300390
002469
301459
002805
002517
002255
601020
301187
002094
002226
300280
600201
001301
301219
300041
002155
301392
301009
002162
300457
300890
002358
000534
002407
002366
603135
002271
001206
002193
600808
603612
301082
300343
600126
002031
002896
603275
002402
603667
000536
603626
003021
601881
000981
002501
603956
000816
600203
002654
002522
002178
600619
603037
000056
000710
003021
002326
605133
002942
603399
603630
000016
002501
300195
002522
600238
000590
002654
002917
603667
002853
000973
002896
603716
000058
002031
603032
603086
603326
603683
000555
003010
002402
603011
000688
300530
603602
601881
000980
600203
000801
603275
600192
603876
600105
600400
601611
603978
002581
600376
600129
600470
000816
600363
000619
001359
002889
600478
300619
600586
002187
002037
603985
000536
603626
000981
603936
000036
000678
601789
301182
300076
002759
301396
600126
000695
002769
600210
002167
603690
603072
603777
002582
605378
002140
603660
002741
603823
600206
603956
605300
603506
300723
000929
002062
002634
002861
300897
002378
