000759
605179
600167
600693
300915
605300
605378
600238
002582
603595
301182
000759
605179
600167
600693
300915
605300
605378
600238
002582
600734
603595
301182
002180
301269
002729
300099
002389
300353
605111
300777
600391
300456
002155
600598
600200
600667
002210
000970
300733
603116
300397
600879
301095
300101
300424
301213
601606
300044
600797
600126
002933
301357
002313
002553
002279
002590
002265
002786
301112
003021
003028
002654
002896
000759
603667
002689
002402
603118
000981
603660
002520
601881
601177
600797
002326
603931
002989
603261
002582
603118
002049
601789
002553
600841
002786
002126
600619
000058
000678
600847
603887
002933
300044
600835
003033
000555
003021
600734
002134
000710
002402
600316
601881
603178
002265
603912
603011
002590
000973
002520
603660
603320
603667
000981
300042
603960
600478
600126
002313
002654
000697
002164
301357
003028
000759
002512
603595
002896
600105
605228
603580
002246
600206
002697
603012
000056
603657
002679
603333
605080
002227
603716
603398
002879
605378
603855
002689
603032
002279
000980
000016
002178
600400
002917
002105
002631
603399
603876
600067
301112
300512
300530
600281
000809
603299
600333
600815
