300915
605300
600693
605378
600238
002582
000678
301182
002326
600776
002383
600667
300342
300322
002155
600126
601881
600797
300044
600206
002896
000759
601995
002434
000981
002520
002402
603118
603667
002553
002279
603931
601177
002434
600835
000973
600797
601881
603118
002582
002520
002896
600734
601995
000678
603123
002553
601789
603887
002402
002049
002126
002960
600126
000759
603667
000981
000710
300044
600619
002178
000980
600206
002279
000016
000056
300042
003033
002227
603170
002822
000510
301390
002982
301577
603191
001366
600692
001316
603813
002816
300293
300746
603863
300687
300324
301608
002496
301210
300302
002629
002762
301535
301535
603271
600663
301535
600284
