002180
002389
002729
605111
600391
002155
600200
300456
002210
600667
000970
300661
300671
301095
603927
300101
300008
600126
002654
000759
002896
603667
002689
000981
002402
603118
601881
002520
603660
605179
000785
002689
603399
603398
300530
002654
000980
002326
002178
603716
600238
603667
600281
002520
603876
600126
002896
600105
603032
603011
002402
000016
002917
301396
000555
000058
000981
601881
600400
000973
605378
600206
600478
000785
603072
603118
601789
603660
002582
603777
605179
000759
