300191
000678
301182
300195
603012
300248
300311
301032
300996
601595
605069
002101
002885
002609
603171
601059
600318
600126
600206
603118
002896
002582
000759
601881
000785
002167
002580
603663
002261
605488
000785
603118
300964
002326
600734
002126
603958
000829
002279
002526
600126
000678
603123
600797
600206
603663
002418
300044
002582
300328
000016
603887
002049
000759
002194
002167
601881
301139
603985
001298
002178
000701
002896
002580
002436
002196
000980
000837
300183
003021
001339
603178
600012
600603
603161
301320
301446
001268
301365
603285
300816
002816
603991
002384
603298
603458
600243
000545
300321
600301
301535
301535
603271
301535
600284
