301182
600281
002196
300168
603882
000503
002777
300288
600055
301230
300168
300451
000727
603882
000503
000700
300311
002777
000657
002149
300288
603588
600862
002010
000779
600893
603496
002697
002236
001339
601177
603088
300058
300328
301280
603809
000678
000710
300170
600986
603887
000837
002657
002195
002049
600705
003021
600718
603583
002122
603220
002315
603166
603716
002335
600589
300378
600797
000681
600734
002115
000536
603618
601789
300344
002369
603496
002261
600055
300298
301230
300288
300146
300254
300725
300633
300562
600057
002294
300404
000505
300396
301602
300003
603858
301235
603122
300199
002589
605186
300937
301037
301107
301288
301633
301001
301159
301110
001226
603190
301209
002587
603172
301585
002896
600203
300718
000158
000856
300687
600126
002261
600272
603700
301382
301557
603496
603109
301139
603409
605286
300382
002123
000628
600995
