300530
603012
603618
600751
002115
300344
301208
300168
603882
000657
603588
300181
600497
002777
000727
000700
301261
600506
600055
300311
600862
300288
000426
002223
002010
600456
603678
002179
603496
002575
002697
002236
001339
603602
603088
300058
600316
603809
000678
300170
600986
603887
000837
002657
002049
600705
003021
600718
603583
002892
603220
002315
603166
002126
603716
002335
600589
300378
600797
000681
600734
002115
000536
603618
601789
300344
002369
603496
605100
002261
002575
300278
002818
002320
600586
600249
603338
002875
603818
600716
603057
600012
300181
301479
603271
002270
002980
300181
603648
