300530
603012
600751
002115
301208
300404
002846
300168
301005
603882
002777
600506
000657
600531
600497
002091
300288
600055
000592
300311
301230
000727
001288
000700
300181
301210
300379
300260
000503
300562
000426
002223
000960
002575
600619
603496
600361
600619
000837
600281
600718
002757
600228
601789
000678
000536
600168
603166
600301
002122
603809
600961
600367
603158
600397
600734
000903
300344
002943
002049
300248
002697
002755
603496
002115
001268
605069
002892
001256
002361
600705
600714
002335
600302
600589
003021
601956
002657
603618
001311
603583
001339
600590
000509
603585
600986
605118
603220
000681
002253
300953
300840
002236
002937
300058
002575
600602
002315
002369
002261
002126
001319
300170
300378
600588
300515
600728
603300
603039
003023
603551
600712
603151
603607
600107
000609
002628
002690
600359
301071
003018
300179
300667
603773
603982
002634
300813
002388
301120
001270
301329
300658
002816
000890
002789
301266
002457
300572
001316
000518
301170
300181
301479
603271
002270
002980
300181
603648
