300530
603012
600751
002115
301208
600829
600712
300210
603688
605266
002104
600345
002529
002420
002773
002672
600107
600423
600610
002992
600802
603506
002099
605081
000668
002816
300731
300778
301071
002628
000078
300180
300168
300605
600711
600506
300311
000519
002575
603496
000980
603887
600478
000837
600228
002194
605228
002553
600835
000980
603166
600361
300344
002892
002122
603496
002757
600961
600718
600602
601789
003021
002049
000536
002115
002526
002335
603158
000903
002361
002236
603220
600367
000681
001319
600986
300248
300840
300953
300058
002261
002126
002369
300170
002575
600728
600588
603300
000609
301373
301107
001278
001225
603272
301503
301539
301129
001332
002723
300809
001316
301591
300812
300539
300128
002965
301210
300827
002126
301396
300816
301078
300611
603319
603499
001339
301160
300324
300249
300757
300679
603226
603270
300476
300181
301479
603271
002270
002980
300181
300476
603648
603012
600751
002765
600714
603220
301280
600588
300378
301607
300170
301208
600829
600712
603688
300210
605266
002104
002529
002420
002773
002672
600107
600423
600610
002992
600802
603506
002099
605081
000668
002816
300731
300778
301071
002628
000078
300180
300168
600711
600506
000519
002261
300170
002369
002575
603496
605066
601789
000681
603200
603220
002126
603887
600478
000837
600228
002194
002553
600835
000980
600361
603200
300344
002892
002122
603496
002757
600961
600718
600602
601789
003021
002049
000536
002115
002526
002335
603158
000903
002361
002236
603220
600367
000681
001319
600986
300953
300058
002261
002126
605066
002369
300170
002575
600728
600588
603300
000609
301373
301107
001278
001225
603272
301503
301539
301129
001332
002723
300809
001316
301591
300812
300539
300128
002965
301210
300827
002126
301396
300816
301078
300611
603319
603499
001339
301160
300324
300249
300757
300679
603226
603270
300476
300181
301479
603271
002270
002980
300181
300476
603648
