603012
600751
600714
301280
000880
603220
300378
600588
300170
301607
600718
301208
300466
301277
600936
300441
000017
300903
002925
301176
300432
600736
600114
300404
300184
300180
600711
301389
300903
002261
002369
300170
603220
002575
605066
000681
601789
603300
002335
600589
000929
002992
000581
002205
002713
603108
002369
600403
002099
000903
603220
002122
000837
000536
603489
600712
603588
002115
600184
600960
600961
002484
002575
601789
002049
600619
002277
300044
603270
002816
002261
600802
600641
600829
600588
002757
605066
300170
600361
600728
002526
002760
605081
002773
000681
002167
002892
002846
002347
605155
600986
300058
603887
603688
002306
600825
603883
000723
002236
605068
002194
002046
002622
605266
600172
002672
600423
002114
000410
603506
002553
600345
002104
000668
002524
002420
002529
605318
603956
600107
605018
003021
002162
600228
001306
301021
600860
300210
300236
002722
301077
603111
001324
002377
600735
301132
301502
301222
301592
300780
300959
603190
600232
002021
300629
603075
002494
002656
301383
301586
601061
002620
001367
301533
300681
002848
301591
301578
