603012
600751
603220
600588
300378
300170
301607
600718
301208
000017
000655
002238
600936
603206
301176
002875
000014
600818
600735
002574
603968
002377
002662
301586
300432
601901
603477
000422
300045
002149
002662
000733
600848
600686
600114
002261
002369
603220
601789
300170
600797
002575
002283
000681
301139
000581
002335
301139
002713
600961
603300
002283
600367
600361
002122
603220
603489
600602
603588
300344
601789
603887
002369
002757
600619
000837
000536
002277
603108
002115
601136
002575
002261
002049
600986
600797
002167
002526
300058
600588
002236
000681
300170
002114
002347
000723
003021
600172
002162
603956
600860
605566
001332
300991
002852
301170
603075
001300
603173
002723
301578
300580
301268
000590
601100
300007
300972
300652
301397
301263
002042
603179
300727
301222
002608
002938
600612
