001319
300378
600588
301607
300170
002283
301208
600860
002162
000905
603297
300552
300461
605358
603612
603035
603066
300620
002693
000519
300552
000779
300896
600327
300441
300167
605358
000733
603612
002662
603477
002261
300058
300170
600588
002369
600728
000681
603716
603678
002335
600610
603267
300058
600589
605100
002183
600728
605155
002115
603881
600986
600961
002377
600367
000697
000014
003025
000681
002292
300170
002236
603968
002369
603958
600588
600818
000536
000017
002261
002875
600506
601789
603220
001339
002175
002484
002162
002277
600735
600718
603717
603588
603108
600619
001282
002167
002122
300907
002114
000831
605296
600361
300466
000592
000655
000837
600560
301176
603860
603839
002923
600846
601022
300710
605566
600719
002658
300987
603959
300560
002731
300713
301314
603677
300936
003017
002800
600130
002068
301117
002856
301107
301533
002780
300270
002735
603091
002571
002608
002938
600612
