300378
600588
301607
300170
301208
002283
002162
600860
000905
002533
002957
300449
002927
002735
603988
002905
002923
600389
605399
002513
002785
002766
300270
300461
002693
601633
002255
301293
002766
600155
002261
600728
300058
002369
600841
300170
600588
000681
603326
600728
000815
002335
605155
603678
600986
002361
603220
600610
600841
002115
002657
002292
000681
002261
002369
002236
300170
002183
300058
603881
000536
600588
601789
002167
002175
600506
002122
000831
603108
600589
600718
600560
000837
000592
605100
300979
603091
605566
601083
603819
603062
001209
003038
301499
002188
301633
301101
300547
002042
300657
301013
002630
300767
300100
301210
300972
300765
301037
603296
300618
600119
601100
002541
301226
603489
301616
301616
301501
002608
002938
300979
301261
600612
600037
600639
603257
