300378
001333
600588
300170
002114
002162
600403
000723
000905
000592
300511
603819
300565
002234
300936
002693
300430
300774
301293
601126
300753
603613
600775
300067
002366
600811
002276
300058
002369
300170
600588
601177
002345
603618
301032
002730
002638
300233
603359
002167
002236
000503
000791
600967
002533
002785
603344
002276
603988
600588
002361
002056
002927
300058
000533
603108
600718
605286
600725
002358
600107
603958
600399
600979
000536
300170
002115
002501
605100
002175
603822
002173
605088
002484
603220
600389
000997
603042
605399
600666
601616
000831
603881
002923
300091
002055
601789
300449
002735
002970
600841
600449
600728
600610
000156
603773
600986
002406
000925
603788
002957
002513
000815
600959
002292
600996
003033
601929
601177
600936
603297
002434
603950
002183
002283
002238
002369
600811
002859
002404
301509
605162
600644
001376
600121
300598
002746
605258
301217
301618
002562
001322
001278
300169
001225
002768
002982
300961
002667
000995
000695
301577
301616
301616
301501
301616
600037
600639
603257
