002114
000723
000905
000592
002923
603629
300106
300380
600300
002329
300086
600597
301126
001318
300892
002719
300314
600419
002946
603093
002961
600429
600774
000417
002732
600382
603238
301191
600844
002678
001209
603001
300966
300997
300789
002693
300561
600559
300803
601601
601198
300008
002106
600811
600588
603629
603883
000592
002292
000813
600696
000723
600982
603881
002361
301032
002173
600698
600588
002167
000570
002730
603618
605100
600811
603958
600967
603206
000609
603205
301105
603307
301507
001222
301125
002303
001336
301509
002629
002864
601083
601798
001259
603091
002667
003003
301261
300280
002785
601177
300099
301275
300657
301600
002149
003007
301177
300731
600203
600848
603822
300353
603922
300466
300895
002866
603486
300270
000523
603124
301658
002101
300126
300770
301658
600015
600895
603124
603124
002160
601225
601901
