002162
002361
002114
000905
000592
002923
603629
000426
603929
002383
603801
301578
003006
300627
603023
000523
603124
301658
002101
301658
600015
600895
603124
603124
300008
601890
301063
002401
600218
300598
301293
600764
002693
300520
600101
300667
300936
300084
300589
601918
601225
600121
600710
600719
300040
002692
300397
002172
300753
603929
300076
002366
300261
600824
601001
000040
600811
002162
600588
002361
300233
600456
603819
600696
002238
600979
603900
603629
002056
600449
600982
002055
600610
000997
000831
000813
000972
002162
002345
603189
000723
600361
000925
002234
002501
603206
603881
002358
605118
600698
002173
603102
002434
605011
600399
000156
002927
000701
002846
600718
002730
600666
603108
600588
603359
002888
605100
300565
000570
300907
600936
002167
603618
301032
603958
300091
600811
600967
