002114
002162
000905
000592
300008
002693
000523
600218
600101
601225
300598
601890
002401
600121
600719
300076
601001
301293
600546
300040
300589
300084
000899
002366
300667
002692
600764
600310
002197
300520
300896
300561
600710
600811
600588
002162
002730
002846
600610
300091
603881
002167
300233
002345
600399
603108
600301
002927
002162
002501
002056
002358
000503
000997
600588
000831
002173
600718
600979
603958
002292
600666
000156
600936
000925
002283
000815
002434
002183
600811
002238
002716
002483
000960
002943
300553
603801
301004
002659
003019
603995
002074
002862
603896
603556
002057
300254
603511
300246
000523
603124
301658
002101
301658
600015
600895
603124
603124
