002114
000723
000905
000592
002923
603629
000690
603169
300436
002898
600137
000541
000690
601890
603606
000039
002106
600320
603169
600358
301063
600552
300094
002733
600811
603629
300042
000592
002292
002875
300233
000813
600449
600979
000723
603881
002361
603108
002167
002730
603618
603716
605100
600811
600967
603206
301567
000609
300437
603205
301105
603307
301507
001222
301125
603081
002256
001336
301509
002629
002864
001259
603091
301408
002667
002893
003003
301261
300280
002785
601177
300099
301275
300657
301600
002149
003007
301177
300731
600203
600848
603822
300353
603922
300466
300895
002866
603486
300270
