000905
002238
603359
600811
300565
300050
002630
600892
002034
301109
301053
600708
301312
603568
002357
300520
601890
600552
300598
600889
000039
300123
601989
003006
000541
600137
300084
300094
300397
600583
001208
300888
002195
000903
605100
002434
000925
000581
002946
002434
600300
600449
605009
300106
000997
002979
600506
000581
600228
000925
600696
002292
000903
300314
002175
301078
605337
600702
002167
002719
603767
605388
600601
605179
002501
600318
603667
300380
002910
000799
600456
603881
002195
603618
000627
600597
605100
600764
002361
601689
601059
000723
600301
600590
