000905
002238
603359
600811
301109
301053
603568
002988
000820
600892
600708
002789
603458
603196
603139
002899
300050
301312
300692
301322
002357
300520
600889
300050
600552
000039
301316
601890
001287
000422
300123
300397
300598
002195
000903
002434
605100
000581
000925
002946
000592
002434
000997
600449
000581
600300
600696
002979
000925
002292
000903
300106
002719
002175
002167
300380
301078
600702
600601
603767
605179
603667
600318
000799
002195
600764
603881
002361
600456
601689
000723
605100
603618
601059
600301
600590
301283
002825
603373
301125
603205
300930
002702
603307
001236
301598
301539
603275
001379
002591
603285
002858
603280
603207
301020
301068
002517
301498
300932
605336
301365
603081
605488
300561
301099
300616
301031
603319
300326
002929
003018
002357
300658
301585
300547
