002238
603359
600811
603819
002227
300713
605058
300351
300052
301221
000423
000793
001287
600552
600358
301312
301316
000039
300085
603466
300745
600583
300050
000422
301322
300692
300757
600811
002195
600589
603618
605100
000062
002434
301109
603166
603458
002329
002195
300380
603238
601059
002664
600467
600708
001914
600589
002708
600363
002789
002630
603881
300720
000523
600449
600301
002042
601798
301053
603618
002899
002762
605068
002571
600590
603568
002988
600601
600208
002896
603960
603667
002361
601689
002306
600211
605100
002048
600456
000997
002979
600764
603196
600300
002957
002076
000903
000820
603336
603214
603183
002292
300898
000592
600892
600624
301078
002162
603001
002946
600811
300191
002990
301349
601236
301439
301380
002339
301159
