603359
300091
600811
603819
002838
000951
300444
002603
600166
600425
600547
603843
301377
300568
600183
300048
300448
600428
600583
000665
605100
603618
000905
002559
002708
000997
603211
600982
300713
603618
003033
603266
605100
300918
002361
002885
000062
603960
002448
000665
603790
603166
300510
000723
603757
603966
002629
000409
605058
002715
603667
002434
002896
603915
300380
000420
600797
002580
603390
603109
002026
000967
603090
002358
002397
000573
000612
001202
002762
002329
600589
603316
600601
002306
000507
000779
301607
000555
001872
002570
002162
300798
301275
000545
002144
001258
001317
603982
300591
301181
603075
301179
002606
002441
301298
600833
601121
300823
001395
301552
001359
603991
