300091
603359
600811
603819
300052
600428
300222
300444
002953
000677
600547
601890
000722
601028
300159
000793
300184
300803
301000
603099
301099
002339
600811
000665
600590
605100
002358
600490
300380
000062
002434
002406
603166
002306
603767
600601
002056
002708
600467
000665
002329
600456
000523
002762
002896
605100
600590
600811
301078
002162
603612
600329
600282
603043
603181
002726
300091
603359
600811
603819
600428
300222
300444
002953
000677
000722
601890
600547
300159
601028
300184
300803
301000
301099
603099
002339
000665
600590
605100
002358
600490
300380
000062
002434
002406
603166
002306
603767
600601
002056
002708
600467
000665
002329
600456
000523
002762
002896
605100
600590
301078
002162
603612
002062
600329
600282
