300091
603359
600811
603819
002838
600178
601619
002655
002535
600243
603843
002980
600692
002890
301268
001258
002039
603273
000571
300767
301107
300971
000061
002698
600183
002510
002731
300444
002142
300040
300198
001258
002039
301439
300549
603273
600825
300001
002766
300573
300355
600886
000899
002523
002786
301196
603112
600166
603716
000665
002162
300511
605100
603618
002921
002715
600982
605118
002708
300511
300713
603767
603618
002664
300918
605100
002361
603716
603166
002921
002559
600318
601059
000062
002896
603211
600589
002885
000905
002076
000665
603667
002580
000409
301078
000612
600601
600797
300798
002570
002162
301275
601886
301259
001338
301587
600241
603061
001387
001277
603075
301300
301295
603028
001379
300823
300538
301591
300988
603130
001373
002857
000997
301032
603081
600212
301259
603516
300553
300835
301191
301397
002905
300570
603063
002843
301275
301127
300863
301389
002571
300693
