603819
301191
603214
002762
000612
603183
300191
300798
603316
301607
600797
601015
603355
600758
300323
600408
002863
600876
002544
603028
002442
603280
300621
300185
300081
001314
300444
301000
601890
002045
300323
300154
300453
301336
301366
300842
300248
301078
603716
002762
605100
605118
600589
002570
300798
002633
603072
002927
600979
301078
603315
002838
002448
002276
002708
300248
603915
600698
002645
002227
603270
002762
002559
002306
002329
601619
600178
002076
000409
600185
600692
000723
603667
603843
002535
002580
002896
300918
600982
000612
002890
002173
603166
603968
002980
000062
002361
603716
605100
000905
603789
603312
002868
002857
301538
002012
300928
301170
600097
300692
300980
603285
603679
603381
300900
001226
301338
603207
600250
603350
603955
