603819
301191
603214
002762
603183
300191
301607
600797
002559
002448
601015
601218
002863
600097
603028
002544
002442
600716
600876
000608
001316
002868
000798
300885
002696
002165
000761
300444
000798
300589
300185
002045
300094
002696
000039
300248
603716
300817
603119
002570
605208
603109
000555
605118
600456
002708
000779
300798
600698
603960
002645
603072
601619
603789
603915
002026
600178
600589
002361
601689
002838
600979
002535
002173
603270
300248
603667
002227
002927
603166
000409
002580
002896
000062
603716
000905
002276
001226
301016
002809
002857
001225
603201
603075
301179
603879
001387
603381
603285
300823
605178
600689
300735
002387
603496
300709
600552
603489
300779
300695
301196
603583
603983
300275
603466
301053
300789
300233
301365
301413
603228
300611
301032
301596
603883
300031
601100
301535
301535
001338
301535
