600764
603214
002762
603183
601798
301607
600797
000555
002907
002728
600998
002349
000590
002773
600479
600329
301331
000650
600422
600080
603896
300534
002864
603998
002728
605055
002603
300147
603027
300039
301229
002082
301111
600998
300026
002349
000039
600557
300900
600222
603439
300885
301083
300775
600081
300444
600495
002412
300181
000590
600332
002773
300391
300904
600750
600479
000409
002105
002896
000541
000595
002903
300198
002448
600456
605199
002547
601218
002863
600979
601015
000779
601886
000757
603355
603901
600550
002276
002442
002544
600758
002801
600589
001316
603109
601799
002655
002642
600408
600960
301298
600876
002026
600178
002173
601689
002868
002708
600698
600063
000608
000062
603072
603667
601619
002733
603960
600716
000601
002896
300879
603915
002559
603278
001268
000409
002105
002227
603789
