603214
002762
601798
600467
000555
600797
001202
600072
002483
600810
601808
002498
002523
002184
300185
000530
002057
603011
603027
300265
603131
002320
002696
000796
600482
300081
600156
600685
600871
300589
300213
002080
600558
603169
300228
002682
300157
600745
300850
001379
300343
002083
603162
300129
300519
002190
300516
001258
000409
002896
000612
002306
300198
000541
301298
000595
600876
600178
603211
000601
601015
600979
601218
000612
002448
002903
002547
002896
002655
002642
600550
600589
002173
002708
002276
002733
002559
000409
001268
002419
600354
600894
600882
000546
300592
002975
603080
000975
600319
600378
002909
002171
002546
603687
603706
002969
001299
002779
300979
000638
000953
300354
300629
600854
603773
000823
603698
600322
001207
300838
000636
600866
601086
603113
002479
003012
603214
002762
601798
600467
000555
600797
001202
