600072
002483
600810
601808
002184
002498
002523
300185
000530
603027
603011
002057
300265
002696
603131
600482
300081
600871
600685
300589
000796
600156
002080
600558
600745
300213
002320
300343
300228
300850
603169
300157
001379
300516
301178
300129
002083
002190
300519
603162
002529
000409
002896
000612
002306
300198
000541
301298
000595
600876
600178
603211
000601
601015
600979
601218
000612
002448
002903
002547
002896
002655
002642
600550
600589
002173
002708
002276
002733
002559
000409
001268
600072
002483
600810
601808
002498
002184
002523
000530
300185
603027
603011
002057
300265
002696
603131
600482
000796
300081
600871
600685
002320
600156
300589
002080
300213
600558
600745
300228
603169
300343
300850
300157
001379
300516
002190
002083
301178
300129
300519
603162
000409
002896
000612
002306
300198
000541
301298
000595
600876
600178
603211
000601
601015
600979
601218
000612
002448
002903
002547
002896
002655
002642
600550
600589
002173
002708
002276
002733
002559
000409
001268
600354
002419
600882
000546
600894
000975
002975
002171
002546
600378
603687
603080
603773
600319
002909
001299
603113
000638
300838
000823
600435
603706
300354
603177
301339
301042
002783
002661
600322
000004
600080
300960
000408
300259
600971
002969
001207
002983
603040
002962
001229
002328
001226
000605
301338
300248
002261
603881
300337
600602
300789
003041
603124
603813
300128
603238
601177
603219
002196
301160
301032
301225
603683
301082
603081
300735
603678
603214
002762
601798
600467
000555
600797
001202
600072
002483
600810
601808
002498
002184
002523
000530
300185
603027
603011
002057
300265
002696
603131
600482
000796
300081
600871
600685
002320
600156
300589
002080
300213
600558
600745
300228
603169
300343
300850
300157
001379
300516
002190
002083
301178
300129
300519
603162
002529
000409
002896
000612
002306
300198
000541
301298
000595
600876
600178
603211
000601
601015
600979
601218
000612
002448
002903
002547
002896
002655
002642
600550
600589
002173
002708
002276
002733
002559
000409
001268
600354
002419
600882
000546
600894
000975
002975
002171
002546
600378
603687
603080
603773
600319
002909
001299
603113
000638
300838
000823
600435
603706
300354
603177
301339
301042
002783
002661
600322
000004
600080
300960
000408
300259
600971
002969
001207
603214
002762
601798
600467
000555
600797
001202
600072
002483
600810
601808
002498
002184
002523
000530
300185
603027
603011
002057
300265
002696
603131
600482
000796
002320
300081
600871
600685
600156
300589
002080
300213
600558
600745
300228
603169
300343
300157
300850
001379
300516
002083
002190
301178
300129
300519
603162
002529
000409
002896
000612
002306
300198
000541
301298
000595
600876
600178
603211
000601
601015
600979
601218
000612
002448
002903
002547
002896
002655
002642
600550
600589
002173
002708
002276
002733
002559
000409
001268
600354
002419
600882
000546
600894
000975
002975
002171
603080
002546
600378
600319
603687
002909
001299
603773
000638
603113
603706
300838
000823
600435
300354
603177
301339
301042
002783
002661
600322
300960
000004
600971
600080
000408
601086
300259
001207
002983
603040
002962
001229
002328
001226
000605
301338
300248
002261
603881
300337
600602
300789
003041
603124
603813
300128
603238
601177
603219
002196
301160
301032
301225
603683
301082
603081
300735
603678
