600467
601798
000779
001239
000541
300084
600097
301025
603999
003039
603533
603908
002667
605081
600421
300505
300788
600727
605016
300702
603395
301012
601949
002780
601388
603533
601028
600581
601328
000610
000796
300641
000530
300067
300364
002469
600096
300788
600576
601600
600727
002115
000612
000409
002896
603901
603028
601619
000852
000612
002306
002554
000753
600979
601798
603686
002115
000571
600579
002165
300569
600097
002896
002276
600759
000890
002829
000779
002547
002633
600467
000409
603767
002708
002713
002642
002448
002173
002559
001239
002903
600178
000555
600589
000595
600243
002652
300581
003011
001259
001366
301519
300665
001336
002188
002887
600455
003001
600444
301359
002830
603231
001231
301232
603818
001326
001260
603216
002856
301151
001226
300845
001230
301592
001332
002976
301586
301298
002923
003001
000503
002795
603139
603320
300307
600228
301038
001379
600126
600539
300157
603685
300846
