601028
000796
000610
000530
002487
002320
300067
603693
300265
301120
600581
002639
301613
002483
002523
000586
600072
603688
600096
600576
002498
002115
000612
000409
600892
002896
603166
601890
002165
002630
000612
601608
603028
002306
601798
000852
603901
603686
601619
300569
002115
000753
002554
601226
000779
002907
000541
600979
000571
600892
600579
600097
002276
003007
002896
002633
002655
600759
002829
000890
000409
000555
002547
002448
600467
600178
603767
002559
002713
002642
002173
001239
002903
600589
000595
600243
301025
603999
603533
003040
301052
300654
002652
301217
300025
605288
601949
300243
600640
300581
603285
601999
301391
002652
600455
001366
001259
603216
001336
002188
001332
002376
001326
001270
301151
001226
001231
000639
002848
301592
002388
301163
300819
002366
603985
300011
300798
301288
002072
300071
002401
300793
301255
301336
300904
002178
301528
001256
301232
000573
600624
603912
601020
301181
603189
300249
