002227
300510
002448
300817
000595
001239
002863
600097
002829
002165
301082
000151
603188
603585
603709
300871
002136
002297
300797
300004
300317
301092
000698
601611
002469
601678
600096
000878
600353
300763
002136
300067
603678
600310
002329
000543
000530
605011
002297
003816
000733
600368
600505
601028
600618
002545
600121
000777
600973
002338
300505
000731
001217
600636
000899
603477
300317
300573
002145
600797
002276
600589
002093
002655
000595
002196
002173
600593
600759
002655
600758
600550
000422
600892
000737
002442
000888
000571
603072
600579
000558
000541
600470
000430
600580
601608
002682
603686
000852
002093
000595
002681
002115
002196
002173
600797
600979
000779
603280
002276
600589
000555
603052
003030
001226
002652
301052
603073
000510
001336
002977
301598
003028
300881
001382
600576
300816
603045
000818
301299
600979
300810
300961
600734
300265
600520
301169
603767
300344
301396
300846
300757
300115
601177
300100
300397
300008
300065
603124
300611
600689
301616
002204
000719
