002639
000878
300067
603678
000733
300265
600973
601028
300421
300763
600727
000822
605011
000719
600096
000530
601611
300398
600505
603045
000543
002498
600797
002093
600589
002276
000595
600550
002173
002196
002547
002655
000409
000541
600421
000422
603072
002767
600550
600758
600579
301055
000571
002165
003033
000737
002861
002630
002391
002655
605081
002682
601608
600470
600882
003039
000888
002667
600580
002547
002093
000852
301025
603999
603908
002115
000595
603686
600979
000558
000409
000753
002681
603280
000430
601226
600589
603090
002196
002276
002173
601798
600097
600797
000779
000555
301273
603385
002949
301052
001332
002652
002977
000510
301519
003011
603073
002809
002188
603307
002887
301299
300335
301500
300153
300344
300846
301038
300611
300100
603228
301261
300353
600689
002837
300961
300810
600160
300947
002184
001313
600960
300870
300691
002733
002929
603881
603912
300693
000586
300547
