300963
301082
603015
603066
600468
300726
601106
603580
002171
000777
300707
603416
002682
000888
600593
002861
000430
301055
000878
002639
003039
301025
000558
603999
300067
002391
600421
300265
603908
601028
600973
300398
000719
002667
600882
000822
605081
000733
603045
600096
300763
300466
002498
300179
300534
600179
603215
603558
600581
601611
600727
603533
600797
600589
002276
002093
000595
002173
002547
002196
600550
002655
000409
002559
000541
603072
002767
600550
003033
002165
002655
002093
601608
002547
002115
600979
603686
000409
000852
002559
000753
600589
601226
002196
603280
603090
601798
002276
002554
600097
002173
600797
000555
000779
000595
