600178
600185
300817
000595
001256
002801
600097
300198
002829
000753
603280
002115
002554
003039
002682
301279
300643
002982
603217
000637
603006
001359
603353
603657
600753
603685
002856
000501
600883
301393
301226
300828
601028
002057
600362
603332
603099
603477
000501
000878
601600
300580
605277
000630
600169
600883
000530
605117
601212
000678
002276
600797
002681
002093
600979
603238
002559
600550
600403
600470
300885
603169
002276
000737
301082
603238
603015
600579
000430
600727
002559
000573
002570
002630
000822
002255
600367
000558
002366
002655
002165
002639
300963
002681
603289
603693
000888
300233
600979
000422
600558
600797
601106
601399
600348
603688
002093
600105
300697
000678
002861
603081
002735
001358
605566
001331
603307
001269
301617
603679
001225
600397
301127
000810
300567
300573
300444
300721
603790
003041
603360
601991
600310
600452
300933
000571
300462
300201
300011
301616
002204
