600178
600185
300817
000595
301298
001256
600097
300198
002829
002115
603280
002554
600580
002682
002091
000633
002253
600362
000878
601678
601611
600096
000630
600875
002091
300641
002469
002136
003816
600310
600353
002145
300891
000543
300763
300943
300466
002455
600505
000530
002866
300505
300967
603099
605011
600618
000899
300797
002545
600636
601212
600409
002297
300004
002338
001217
600328
301092
600023
002734
000591
600121
600368
000731
600141
600423
000777
000678
002276
600403
600797
603238
002681
002093
002115
600979
603677
000555
002173
600403
301082
300927
002276
002115
603585
603289
000822
603709
000573
002366
002255
603015
603169
002681
002165
603072
600558
300885
603238
600470
002923
300963
603188
600593
002173
000558
600468
600367
002093
002655
000422
600550
603693
300233
002639
600797
605069
600579
601619
300697
002630
603267
002570
000555
603677
000430
002442
600105
600348
601399
603688
600979
603280
000678
600758
000888
601106
603066
600759
000151
002166
600892
002861
002735
603081
603379
300669
