002115
002735
600421
002682
002923
603081
600370
603353
000633
600302
300871
301052
601595
300230
300291
600239
002631
000518
601811
001269
001337
603098
300238
605255
003028
002945
301321
002578
002967
300767
603721
301386
600830
600903
600455
002160
000559
001337
002338
300895
600721
002945
300139
002578
002961
003015
002967
000056
300133
600645
603721
601611
001236
300786
301386
000960
000951
002690
600310
300416
600223
300449
301091
002614
002670
300472
002918
600362
000776
000062
600619
000852
600081
002361
002755
002681
002272
002329
002406
000958
300963
000837
002773
603015
300809
603938
000852
600081
002765
002755
603999
000006
300421
603169
600882
600128
002535
000062
002249
301256
600593
600105
002406
603078
600746
603928
600580
600619
002366
603125
002681
002584
001356
600789
002329
002570
600370
000633
603686
000737
002115
002361
002255
002272
600470
600302
002630
000422
002686
600727
600903
000619
000972
603398
600724
002785
301509
301520
601996
002900
301258
002107
002952
003001
301110
001277
600796
603172
603205
001358
603186
001324
603518
301631
603163
301617
301602
300067
300721
301535
300534
300501
000573
603268
002850
301289
300391
301390
301616
603398
300056
002582
002134
002255
600575
000601
300537
000678
002404
300905
000060
600009
