603280
002115
002861
600421
002735
002682
603585
002923
603081
002686
600370
000633
600302
300871
603317
605338
605128
002338
300398
300429
000963
603650
300655
300576
600353
600812
300758
601678
002455
300200
300346
002734
600415
603444
300236
603360
301036
600575
605507
601607
600362
300293
603058
300666
603607
603317
002111
603181
605338
002692
000045
002409
300109
600989
300391
300121
300466
300082
301021
600096
003043
300797
600310
002274
603395
000155
603207
600027
300641
600866
001391
002348
300905
600619
000062
002361
000953
002329
002755
002272
002838
605488
603226
002681
002765
600746
300421
603125
603928
000837
600789
002773
600105
600965
002755
000006
000859
300809
002249
000953
603078
002682
600580
600367
600882
600619
002735
603688
600468
600593
002681
002584
000062
001356
000958
603938
002535
002570
603226
600571
002688
603217
001299
002838
603686
600421
002206
000753
002361
600844
600800
000737
002329
600156
301190
002749
002272
000633
000422
600227
001218
002255
605488
002115
600470
002686
002054
603585
600302
600727
600319
301118
603285
605069
301273
000909
300540
003028
300946
000603
603098
301109
002774
601330
603689
000061
601128
603551
600720
600017
603062
