000571
002115
002554
002735
002682
600727
002366
300233
000822
603289
603709
603081
603285
600370
600753
603045
000633
300477
600302
601328
301269
002534
002529
600060
002338
300561
601658
600006
000559
300199
000960
002961
002967
000951
600721
001337
601611
300786
002489
002690
002578
002996
600645
002534
300139
600259
603900
300416
001236
000524
000800
600027
300666
003015
000917
603093
002032
000967
600223
002918
300429
300366
002648
002614
300373
002478
000426
600196
600187
002945
603357
600392
600105
002553
600580
002255
601608
000422
601890
600320
000541
000737
300421
600727
000601
603072
002630
601399
000958
300963
000837
002342
002773
603015
300809
603938
600081
002765
002755
603999
000006
300421
603169
600212
600882
600128
603088
002535
000062
002249
301256
600105
603078
600746
600580
600619
603125
601399
601890
002584
000859
603072
600789
000633
000737
002115
002361
002255
600302
600320
000601
002630
000422
002553
002686
000541
600727
601608
300101
300368
000825
600933
001308
300674
300782
300471
300635
600776
600189
600058
300842
000663
000901
002855
300183
002534
301501
600935
301059
300542
002723
600539
301016
300311
300741
301556
002467
601328
300462
603558
300022
600108
002140
300575
600115
300087
601952
603155
002404
002785
301509
301520
601996
301258
002107
002952
603058
003001
301110
600796
603172
603205
603186
001358
001324
603518
301631
603163
002828
301617
002514
000892
301602
301057
300067
300721
301535
300534
300501
000573
603268
002850
301289
300391
301390
301616
603398
300056
002582
002134
002255
600575
000601
300537
000678
002404
300905
