002735
002682
002366
000822
300233
603289
603169
603081
603709
301137
603285
603045
000633
600302
300477
600965
600227
000025
300687
300193
301075
002807
603330
000715
603186
300041
600857
002541
603312
600288
300561
000868
600705
600006
600988
002062
300139
002640
601658
002338
300199
002807
603330
601328
301269
001337
001289
603186
600027
300366
001391
300041
600060
300786
000957
000524
000501
600843
300378
600353
600489
002352
601229
300681
300398
600721
600580
600589
002553
600105
000558
601890
603693
001382
601608
002255
000737
002757
600320
603677
603072
002681
300421
002682
000541
601069
000518
605255
000558
603693
605588
600081
600589
600239
603062
000953
603999
002757
300809
301052
001356
603690
603078
600105
600128
603677
601595
600619
300421
002115
002361
600318
002255
600202
603166
603015
002584
000958
001269
301082
002645
000737
002639
001382
000062
600789
002923
600320
002631
000541
002681
000006
002249
603072
000837
601890
600302
002553
002765
601608
600580
300230
002342
001217
002682
603212
002865
601121
301037
002546
001206
002803
603091
000153
603163
002940
301156
003018
603307
601083
001367
301007
000006
301256
300260
300767
603291
301007
600696
603090
603360
300953
002134
300870
002965
301261
300967
