002735
002682
002366
000822
300233
603289
603169
603081
603709
301137
603285
603045
000633
600081
600302
300477
600965
000025
000715
600857
603312
301075
300193
603330
603429
300041
603186
002865
301565
300801
300237
300561
600705
600988
000868
600006
002640
603330
300139
300199
600027
001337
600353
300378
001391
001289
300828
002338
002807
002062
000501
300041
600841
603186
000997
600060
300366
002648
600489
301032
301139
601658
002865
300091
301269
601328
600580
002553
600105
000558
601890
601608
002757
001382
300421
000737
002255
300643
600320
603677
600789
603072
000541
002682
605588
000518
300809
300643
605255
000558
002801
603062
603068
002708
600105
301052
002757
600239
600128
603999
000953
300421
603677
001356
603078
603690
301082
002329
600619
603166
002361
002115
002255
600202
600318
000958
000737
002645
001382
600789
002923
600320
002639
002631
000541
000837
300230
002249
000006
603072
601890
002765
600580
001217
601608
002342
002553
002682
300671
301037
002563
002865
301037
001206
002803
603091
000153
603163
002940
301156
301202
603307
001367
001389
301007
301289
000958
000006
600506
301256
300260
300767
605122
000530
600584
300930
002789
301007
300022
603901
600696
603090
603360
301158
300703
300870
300307
300100
001389
300100
