0
601279
1
33
002615
1
38
605167
1
23
603706
0
20
603619
0
30
603353
1
19
600871
1
11
301158
2
25
301118
0
31
300962
1
33
300645
2
38
300581
6
52
300157
3
58
002583
2
17
002393
16
3
002246
4
19
002190
8
15
002172
26
3
001896
16
6
001278
24
6
000822
2
11
605198
27
2
603688
7
16
603587
15
0
603559
5
10
603086
2
19
600599
8
11
600570
3
28
600421
19
0
600259
18
1
600243
11
18
300872
12
25
300772
2
23
300682
4
48
300251
0
22
003036
4
16
002887
15
7
002734
21
1
002593
13
7
002384
2
20
002291
13
4
002269
3
10
002208
2
19
002115
7
13
001296
0
15
000909
3
27
000788
11
4
000766
6
22
000590
7
13
603828
8
11
603610
14
6
603579
8
21
603222
2
17
601975
1
25
600775
5
15
600617
2
17
600478
3
26
600475
1
11
600405
3
14
600228
29
0
600227
1
25
300941
2
28
300753
9
29
300457
4
36
002899
6
13
002855
6
17
002780
14
10
002513
14
5
002492
1
20
002391
15
3
001331
10
0
000908
15
0
000777
2
22
000525
19
0
603377
10
15
603332
21
0
603255
3
23
603215
2
26
601089
12
0
600992
4
17
600302
2
12
300903
2
44
300767
4
23
300269
3
52
002676
4
37
002471
25
0
002374
4
17
002150
2
13
605580
3
22
605298
7
14
603982
2
30
603918
6
16
603823
12
21
603685
5
13
603533
5
12
600463
5
10
301182
5
23
300483
2
59
300291
4
27
002805
3
27
002630
21
0
002514
7
17
002476
1
26
002268
2
16
002240
6
15
002076
24
0
000968
1
25
000159
2
18
603616
5
24
603256
5
33
603161
6
13
603120
8
13
603065
12
13
601908
10
11
601121
6
10
600876
4
18
600773
1
14
600608
12
0
600265
10
0
301038
7
21
300589
2
32
300480
5
27
300429
7
28
300410
4
36
002506
1
17
002272
4
14
002067
7
14
000995
7
13
000695
25
17
603716
10
14
603257
11
13
603033
10
13
603007
5
27
601022
12
11
601008
18
14
600955
4
15
600844
6
10
600800
18
12
600666
7
33
600379
6
11
600355
10
23
600201
6
12
301421
7
42
301213
6
34
300531
4
44
300515
6
26
300072
1
20
003026
8
17
003015
1
26
002824
5
17
002822
5
15
002753
7
12
002741
2
22
002421
8
10
002413
3
15
002278
13
14
002253
21
10
002072
7
23
002040
15
12
000584
88
18
000576
8
21
000561
10
25
000555
3
19
000547
3
12
603980
15
16
603920
2
16
603800
7
21
603390
17
11
603275
9
22
603258
0
13
603226
10
17
603119
12
18
603032
17
23
601177
8
19
600650
10
11
600592
10
13
600513
10
10
600238
31
0
600212
10
15
301398
6
27
301349
7
27
300969
1
21
300698
3
43
300695
6
53
300462
2
43
003032
19
0
002562
10
12
002542
5
10
002453
10
14
002426
3
27
002355
10
15
002281
5
13
002227
12
14
002210
4
20
002197
1
10
002175
6
11
002074
4
34
002051
4
11
000903
13
15
000572
8
17
000065
7
21
000016
9
13
605378
5
33
605199
16
0
603929
2
25
603637
16
13
603383
8
17
601519
5
17
601162
5
29
601133
5
19
600816
6
17
600604
1
19
600590
3
21
600391
7
19
600318
10
18
600184
4
26
301312
2
32
300960
10
26
300803
7
41
300649
4
32
300368
25
42
300169
17
39
003009
5
18
002868
15
21
002820
7
15
002705
7
14
002626
5
18
002073
5
16
000519
2
21
605128
8
15
603838
18
0
603316
8
27
603232
10
22
603228
8
23
603200
5
31
603136
9
16
600734
7
17
600706
22
13
600696
13
0
600358
1
19
600250
25
16
600241
6
33
600156
16
14
600107
29
0
301565
7
31
301319
3
32
301022
5
49
300810
10
40
300730
6
35
300414
2
54
002806
4
21
002799
4
13
002724
8
26
002634
15
21
002609
7
18
002427
23
12
002342
11
16
002231
36
0
002178
10
15
002167
7
23
002086
10
14
000973
5
19
000850
7
20
000632
8
19
000607
7
15
000026
14
28
