000953
002693
300994
301509
600051
603286
603922
601908
300884
301082
603610
301123
605228
603168
603130
002462
002672
002544
600448
605288
603657
003036
002482
605198
603416
003038
002790
301337
300169
301137
300128
301525
301208
300423
603296
600611
300377
300925
600160
002131
002006
002164
600644
601086
000601
002584
002491
002006
002131
300548
002553
300040
002261
605069
300005
000601
603985
002298
600644
600986
002164
601086
603507
002354
002564
002436
000815
603986
002584
000016
000665
002286
603893
600889
603359
603696
002991
603822
000820
603021
002211
600753
002830
603057
300651
603518
301037
603172
603359
301160
300972
002991
603630
002165
603822
002571
301220
600998
601077
603565
000888
300765
