300581
002190
600855
300095
002977
600691
002722
002826
001322
002975
603757
002963
300722
600316
002683
301421
002783
300471
300424
301033
300751
300719
301356
603350
600760
600127
000519
000712
600316
000592
002724
601606
000768
300775
600650
600470
600879
600765
002683
600096
300397
301050
600081
002195
002131
002355
603011
002094
002164
002255
000903
002427
002512
002549
603072
002006
002106
000601
600505
603169
600396
603040
301131
600800
002229
603507
002106
603955
301509
000903
600053
603011
002355
600105
002195
002512
603716
002164
600589
002427
000601
000665
002549
002664
300548
600396
000062
600503
002255
603072
603169
002553
600392
002006
000158
600774
002272
300918
002564
603586
002639
600986
002094
300005
002562
002131
603166
000815
000016
002298
603300
002261
600735
600505
603359
300756
301377
301315
301488
001379
603518
605289
603075
002888
603344
603331
002261
603529
300581
002190
600855
300095
600691
002722
002826
001322
002975
603757
002963
300722
600316
002683
301421
002783
300471
301033
300424
300751
603350
300719
600760
600127
000519
600316
000592
002724
000712
601606
000768
300775
600650
600879
600470
600765
002683
600096
300397
301050
600081
002783
002297
300922
603120
300139
002195
002131
002355
002164
002094
002255
000903
002427
002549
002512
002006
002106
000601
600505
600396
301131
600800
002229
600793
002106
603955
301509
000903
600053
603011
002355
600105
002195
002512
603716
002164
600589
002427
000601
000665
002549
002664
300548
600396
000062
002255
603072
603169
002553
600392
002006
000158
002272
300918
002564
002639
600986
002094
300005
002562
002131
603166
000815
000016
002298
603300
002261
600735
600505
600107
300756
301377
301315
301488
001379
603518
605289
603075
002888
603344
603331
002261
603529
300013
000096
