002190
300581
600855
300095
600691
002722
001322
002826
002975
603757
002963
600316
300722
002683
002783
301033
300471
300424
300751
603350
600523
300719
300629
600760
600127
000519
002724
600316
000592
600320
000768
600879
601606
600470
300775
002683
600650
600765
000712
301050
300397
600096
600081
002783
002246
603120
600372
300922
002297
600893
002251
002365
000601
600505
600396
600800
600793
002106
603955
000903
600053
603011
002355
600105
002195
002365
002512
603716
600589
002427
000601
000665
002549
002664
600396
000062
002196
002251
002255
603072
603169
002553
600392
002006
000158
002272
002564
002639
600986
002094
002562
002131
603166
000815
000016
603300
002261
600735
600505
600107
300756
301377
300295
301315
301488
001379
603518
605289
603075
002888
603344
603331
002261
603529
300013
000096
