301317
002598
000811
002158
603331
002101
300960
001268
603112
002691
605060
603488
603888
002973
002622
003019
300257
300563
300897
301135
300608
300862
600765
603189
603888
002187
000676
002389
300758
002413
000997
300624
300563
600255
000768
603350
300031
000541
002809
000965
002514
002664
002809
000678
600889
002342
601086
603072
002272
001696
000545
000903
600698
002639
600986
002255
600105
002427
002006
600844
002094
603011
002122
603300
002265
002131
000859
600589
301518
002553
002195
300281
601908
002355
002196
000422
000158
000677
000062
600611
000965
300255
002462
002165
603335
600156
301459
301289
603216
601133
301132
001358
001239
002144
603291
600455
300972
003017
603226
300652
301033
603067
603918
603983
002251
301256
301076
300810
002201
300099
300157
