301317
300960
603888
000856
002598
002158
000811
002101
300563
001268
300913
300257
002691
603331
603112
002622
002973
301135
605060
300758
300624
000676
300563
603350
002389
600255
300696
300913
603000
300031
600562
002284
601198
002809
000965
002809
001696
605068
002664
600889
002427
600844
600105
000903
002639
000678
002272
000545
002514
603072
600986
002255
600698
002342
002006
603011
002094
601908
603716
002131
002265
002122
600589
600824
301518
000859
000677
002195
002355
002553
300281
000863
603300
002682
603166
000422
000158
002196
000062
600611
000965
001236
300255
002462
002165
002290
603335
601089
600156
603282
301289
002037
603216
600493
601133
002825
603291
001239
001379
003028
000609
002871
002124
603119
002042
300972
003017
300652
301033
603067
603918
603983
002251
301256
301076
300099
603214
