600760
600127
000519
002724
600316
000592
600320
000768
600879
601606
600470
300775
002683
600650
600765
000712
301050
300397
600096
600081
002783
002246
603120
600372
300922
002297
600893
002365
600396
600800
600793
002106
603955
000903
600053
603011
002355
600105
002195
002365
002512
603716
600589
002427
000665
002549
002664
600396
000062
002196
002255
603072
603169
002553
600392
002006
000158
002272
002564
002639
600986
002094
002562
002131
603166
000815
000016
603300
600735
600760
600127
000519
002724
600316
000592
600320
000768
600879
601606
600470
300775
002683
600650
600765
000712
301050
300397
600096
600081
002783
002246
603120
600372
300922
002297
600893
603966
002365
600396
600800
600793
002106
603955
000903
600053
603011
002355
600105
002195
002365
002512
603716
600589
002427
000665
002549
002664
600396
000062
002196
002255
603072
603169
002553
600392
002006
000158
002272
002564
002639
600986
002094
002562
002131
603166
000815
000016
603300
600735
