600855
300581
002651
002338
300095
600624
000026
000850
600630
600156
300204
300875
301201
300747
603344
301517
002689
300643
600760
002389
301050
300123
300696
600523
600562
601989
600765
600624
002413
300257
300342
603189
600630
000768
002917
300753
300189
300875
301302
600363
600879
603888
600893
300568
600316
300397
300608
300067
300227
601890
300897
002187
600372
300563
002179
002640
600396
002124
002809
300960
000965
002809
300095
600855
603610
600396
002106
603657
601908
605060
603083
002598
002560
600668
000158
000859
000678
603955
000856
002158
000062
300581
000965
001316
600844
000677
002195
600990
300255
300091
600375
002272
600611
603300
003019
002006
002544
603809
002583
002094
002639
002519
002471
600986
002553
603112
603011
002131
002124
302132
600105
001696
600679
000903
002101
603072
001268
000811
300960
002255
002130
002122
000981
000681
002599
002265
600589
603335
603109
002622
601086
002037
002490
002640
002065
603488
002691
600693
000759
002963
300281
002593
002342
002427
002165
002514
603579
300032
300994
605003
300998
300740
300501
605305
603061
301075
603926
603828
603037
002394
002592
603291
001358
000554
603052
600215
603679
002864
003028
605189
002388
603188
603275
600692
