000657
600760
603038
002389
600562
600184
300031
600549
600363
600630
301050
300473
300740
601106
600724
603344
300530
603677
002413
000955
002917
002838
002956
300696
603906
300123
002948
300263
601368
001319
002666
300185
003000
300957
603189
603001
300386
002640
002124
000965
605198
300581
002553
600855
000856
000677
000678
601908
002691
605060
603883
000062
002106
002861
603083
002965
001896
000158
002158
600990
002819
000965
603955
002560
002422
300095
002195
002583
002354
600668
002006
001316
603809
600392
002639
300255
002255
002272
001696
302132
000811
002094
600105
603011
002599
000681
002130
002471
000981
603300
300091
600679
000759
002640
600589
002065
600693
002342
002593
002427
002490
601086
002124
002963
002165
300994
300032
301090
603297
603093
600037
600628
300221
002222
300224
300430
600196
301248
600201
603341
603327
603392
002645
300338
