600855
300581
300095
300607
600760
000657
002389
603038
600562
002892
600184
603200
301050
000519
600549
600523
600630
300726
300473
300740
000768
603677
300530
600982
000801
601989
002413
603344
300263
001319
002917
002666
002882
002838
000955
601368
002683
603189
002956
002179
300123
600893
300386
003000
002583
601086
002124
002094
000965
002427
002553
600855
000856
002691
605060
603883
002861
603083
001896
002158
600990
002819
000965
002560
000016
002195
002583
600668
603809
002639
000859
002255
001696
600986
000811
002094
600105
002599
000681
002130
000981
603300
300091
000759
002640
002065
600693
002342
002593
002427
601086
002124
002963
002165
300994
600724
301502
002010
000059
002120
600885
002538
603995
603275
301311
301201
605003
003004
600527
300818
301138
001226
001324
603580
001358
600215
603275
603037
002148
000702
002760
301129
301220
301276
002388
002571
600828
000766
002629
300819
301008
300007
301000
301209
300867
002286
301119
603966
301302
603678
600793
300922
300963
300281
003036
603119
300995
