600855
300581
300095
301246
002553
600855
000856
002691
603883
002106
002861
603083
001896
002158
600990
002819
000965
002560
000016
002195
002583
600668
603809
600392
002639
002255
001696
302132
600986
002094
600105
603011
002599
000681
002130
000981
603300
300091
000759
002640
002065
600693
002342
002593
002427
601086
002124
002963
002165
300994
600724
300142
000886
603341
002538
301318
301311
301201
605003
600527
300375
300818
301138
001226
001324
001358
600215
603275
603037
002148
002760
301129
003028
301220
301276
002388
300607
600760
000657
002389
603038
600562
600184
000519
601989
301050
002892
600630
000801
002413
600549
300473
600523
300740
600594
603677
002683
300726
002882
600982
000768
002917
002666
000955
300123
300263
300530
603344
002838
001319
300427
601368
600879
300957
600616
600893
600372
603189
002179
600316
002583
002640
601086
002124
000965
002094
002427
002553
600855
000856
002691
603883
002106
002861
603083
001896
002158
600990
002819
000965
002560
000016
002195
002583
600668
603809
002639
002255
001696
302132
600986
002094
600105
603011
002599
000681
002130
000981
603300
300091
000759
002640
002065
600693
002342
002593
002427
601086
002124
002963
002165
300994
