002981
600855
300095
300581
002074
300663
600760
603038
002389
300473
300530
002882
000657
300609
600630
002022
603200
600184
300568
600549
300753
301050
000833
603677
300501
002792
001319
300962
300073
300740
002917
000768
002683
300342
603344
000955
002666
600982
300123
300134
002838
002194
002809
600575
000850
000953
600396
002583
603257
601086
002094
002124
002427
000965
002689
002651
603809
002598
002809
603083
002427
002194
600105
600990
600575
301066
002560
600156
002599
600530
002640
300994
002195
603300
001696
002065
601086
002861
002342
000981
000681
002130
603883
002819
600668
600855
002583
002255
002825
002639
002973
001896
300091
002553
000953
600693
000759
000016
002094
002124
000850
603257
002378
002158
002165
002842
000576
000856
000767
002338
001328
605060
000965
002691
600396
603912
301053
002963
301317
603331
300592
300956
300729
002705
301089
