600855
300581
300095
603038
603906
600760
000657
600562
002892
002389
300473
300530
002882
600549
600184
000833
600630
603200
301050
603677
300740
600523
603344
600982
002792
001319
002666
000955
002917
002838
002956
002683
000768
000801
601368
300342
000589
300123
603189
300263
300643
600345
300386
002413
300568
002583
601086
002124
002094
000965
002427
603579
002553
600855
000856
002691
605060
603883
603083
001896
002158
600990
002819
000965
002560
000016
002195
002583
600668
603809
002639
603112
002519
002255
001696
600986
000811
002094
600105
603579
002599
000681
002130
000981
603300
300091
600679
000759
002037
002640
002065
600693
002342
002593
002427
601086
002124
002963
002165
300994
002256
603098
002506
300785
301578
600506
001314
600058
601366
000686
002941
300835
300830
300338
600855
300581
300095
603038
603906
600760
000657
600562
002892
002389
300473
300530
002882
600549
600184
000833
600630
603200
301050
603677
300740
603344
600523
600982
002792
001319
002666
000955
002917
002838
002956
002683
000768
000801
601368
300342
000589
300123
603189
300263
300643
600345
300386
002413
300568
002583
601086
002124
002094
000965
002427
603579
002553
600855
000856
002691
605060
603883
603083
001896
002158
600990
002819
000965
002560
000016
002195
002583
600668
603809
002639
603112
002519
002255
001696
600986
000811
002094
600105
603579
002599
000681
002130
000981
603300
300091
600679
000759
002037
002640
002065
600693
002342
002593
002427
601086
002124
002963
002165
300994
002256
002506
603098
300785
600506
001314
301578
600058
601366
300830
002941
000686
000776
