300032
603488
603595
002331
002551
603600
002931
301048
301251
300923
300949
300907
301381
600621
300709
300902
601989
000768
601881
000833
600893
000801
600372
300803
300085
603200
002165
601086
002490
002094
001236
002130
600575
000026
600203
601086
600105
603300
002255
000681
000981
002094
002065
000062
002583
002165
002378
000767
002490
600493
603373
301528
300845
002849
001358
605003
603075
600689
001324
301234
603052
000007
300749
002795
603086
003001
603815
605016
002853
300844
600793
301273
300898
002553
603950
600396
002830
600988
600744
