002860
000678
600855
300095
300581
002331
301048
603595
301251
300923
603600
600621
002931
300307
002074
601989
002389
300663
000768
600316
000801
600893
301050
603200
000833
300530
600372
600732
600879
600345
002194
002583
601086
600575
600396
002094
000953
002427
000850
000965
300963
600530
600990
002553
002689
600855
603083
600340
603809
300994
002598
002130
000026
002194
600259
600575
001696
000576
002560
600105
002144
002195
603300
301066
000981
002427
000681
002825
002165
600156
002342
601086
002255
002065
002094
002583
002639
000856
000850
000759
002378
000953
000965
002338
000767
002842
002973
603912
603331
301317
600396
601022
301528
603373
603926
300845
301529
002849
605003
603075
001331
001324
001358
002316
300749
002899
301234
002947
000007
301235
002795
603086
003001
603815
605016
002853
002819
300844
600793
301273
300898
002553
300749
002098
600396
002830
000955
300204
300493
600744
300241
