301066
002413
002331
002136
002590
301488
002284
002970
300552
300500
000756
002284
002970
300584
002603
600758
601018
002457
300261
603739
603520
300740
600552
300892
000088
301258
300267
300233
603059
600410
002331
600800
603610
002547
603488
002811
002489
600223
002626
600403
002900
002383
600410
603610
002549
603839
002547
603803
002779
000639
000958
603359
601319
000566
603983
601236
600800
603569
600644
002404
603128
603488
002331
002772
002086
600883
002688
002696
600493
300552
300589
301628
603197
300996
300527
000020
603153
002813
300284
300161
002542
603015
603018
002920
300319
300036
300045
