301066
002331
000520
601866
601083
603699
605167
600456
002875
600558
600535
603015
603858
002603
002275
600750
600664
002432
603699
002970
605167
002542
002297
300026
600329
002126
002728
600185
600353
603197
002923
600552
601399
603970
301665
002886
601866
601083
002413
002551
000637
000520
600794
300132
600410
600403
002664
000566
002730
002549
600223
002626
000710
002489
002892
000639
002094
002413
000958
002688
301301
600644
000520
000767
600794
601866
300132
601083
002551
000637
603588
601990
600399
600906
600658
002670
000728
002812
601696
002945
