002331
002413
000520
601866
601083
600100
600207
603776
301528
002128
300123
002603
002837
600100
002970
300552
002542
603197
600664
600292
600558
603080
603665
600185
600389
002297
301297
300026
600550
300434
002432
603015
600096
002728
600535
301310
600552
000963
300505
300819
603970
301320
002165
601866
002413
000520
601083
002551
300132
000637
600281
600397
000520
000958
603980
002413
000756
002105
300132
600644
002094
001317
603178
002915
603758
600403
002520
601083
601866
600410
603990
600699
001319
601236
000639
000566
002165
000767
002291
002549
002551
600223
002730
002489
002626
002892
002688
301301
000637
002860
603286
002664
600724
000532
603919
603779
000014
600100
301299
300284
