301559
601083
300240
603839
603363
300121
002559
300290
300061
300341
002146
603588
600187
600527
301297
600843
002092
600501
001298
000524
301296
601798
600178
300277
603991
002080
300710
000006
300783
002128
002165
002571
601866
301301
603286
601083
603839
000605
600658
301301
000722
002798
603922
600743
002165
002286
600800
000935
605338
002990
000905
603839
002465
002291
002389
000628
603317
000761
000702
603686
600336
600397
603378
002512
002571
000507
603016
603135
000612
000756
000014
603990
000958
002530
002915
002284
603286
600644
002378
000712
603326
600082
600410
600699
601018
000088
601866
605169
601083
