300240
603839
600340
603980
603995
002396
300139
001337
002348
002046
301371
000970
002175
603995
002396
300542
601929
301078
603063
000700
300220
600860
000421
002862
002165
002640
002560
600410
000678
002915
000520
603980
002570
600505
002103
002277
000905
002581
603693
000605
600807
600800
003030
000507
002465
603980
600198
002640
000520
002123
002291
002512
002292
000628
002094
605300
603725
000670
600658
000756
603901
600410
600521
002501
002522
002688
002389
600986
002161
603215
002654
002165
002862
301301
002573
002456
002471
002530
600006
002915
002297
600336
001336
603150
603922
605289
002284
000678
603163
002819
002560
600343
601001
300268
002748
