605188
600340
603980
002512
000677
600053
600824
300418
603063
600131
300464
002859
603200
300139
300192
600824
600712
002741
001337
002731
301297
300149
300073
301487
600686
300568
300484
002733
300333
601789
600389
300026
002252
002812
300321
002959
603663
000550
002829
600546
300920
000565
002809
002560
000677
600340
002297
002915
002819
600053
002547
600343
601908
002389
002403
603321
002161
601069
002580
600828
002915
000953
002347
002547
000573
000670
002123
002292
002560
600006
600234
002654
002465
002103
002819
600986
002389
601908
002074
002456
603768
002773
600279
002617
002291
002761
600505
600198
603901
000677
600343
600340
002277
002165
002570
000565
603017
000756
603970
600053
002297
000507
000905
002809
301112
301299
300713
301200
002748
300579
300491
600838
300497
002951
002802
001279
603333
600628
301536
