603980
600053
600207
002286
000677
300069
600881
600550
001222
003030
600807
002584
300530
301662
600234
300674
600446
600805
003029
300520
301137
301439
600624
300674
300459
600446
000513
002177
603070
600405
300634
300491
300831
301297
300533
002256
300745
605167
002111
002121
002343
601998
600650
300781
000017
000533
002449
300848
300494
300150
002948
300824
301618
002165
002584
002456
000565
600550
002819
002570
600468
002809
000420
002560
601022
002389
300530
001222
000605
000677
002813
002915
600207
002105
600340
002862
002099
301316
601956
002809
600495
605033
000420
000561
600468
300530
001222
002584
000565
600006
002045
603906
600990
000903
002773
002165
000953
002617
000677
002389
002580
002570
600550
002456
002074
601069
600340
002560
002519
000573
002465
001279
002023
000670
002347
002990
002915
600828
002530
002123
002813
002277
601022
301112
002761
002819
002952
002862
002364
000605
603321
002292
600207
002105
600505
001360
301439
603232
300520
300689
600173
603383
002907
603096
301275
603639
300807
603309
301201
300674
300868
301278
301281
301313
300169
301548
300527
600636
300932
603978
002097
301137
301389
300221
002873
002951
002497
300540
603062
002802
000777
301022
301072
300206
603738
301187
300645
300997
301056
300711
