603980
600053
000905
600658
300069
600743
000605
002286
300927
600881
000677
600550
001222
301335
600198
600807
000903
301662
600234
600279
600379
603390
603321
300158
600572
002793
000078
600869
000962
002437
600489
300158
000973
600572
002793
002743
301230
002121
002246
600452
300347
000078
600059
000822
605167
002550
002379
002250
001337
300842
600610
600550
002165
000722
000420
600468
002364
600505
600279
002456
600379
603390
600798
002570
002292
600698
600281
002103
000677
002403
002105
000903
002819
002286
600521
603906
002580
600990
601956
002123
600281
002259
600610
000420
605033
002584
000677
600468
600495
600006
002465
002045
002570
002519
301316
300418
002074
002286
002617
002456
603839
002023
002165
600550
000903
600279
002819
603390
002364
002292
002103
600798
002403
600379
002105
600698
000722
600505
600569
600869
600037
600783
600681
000591
600256
000019
002883
000937
002117
000419
603261
600461
001289
601107
600857
000885
