603980
600053
000905
600658
300069
600743
000605
002286
300927
600881
000677
600550
001222
301335
600198
600807
000903
301662
600234
600279
600379
603390
603321
600732
002080
002318
600732
002080
000962
002437
600375
000973
002121
605167
600363
002246
002155
603456
600875
301230
002743
600549
600452
601611
000777
300281
600059
000822
002533
603699
002550
603127
002250
600577
605333
603273
300092
600610
600550
600468
000420
002165
000722
600279
600379
603390
002456
002364
600798
002292
600281
600505
000677
600698
002570
002103
002105
002403
000903
002277
002819
600521
603906
002580
600990
601956
002123
600281
002259
600610
000420
605033
002584
000677
600468
600495
002389
600006
002465
002045
002570
002519
301316
300418
002074
002617
002456
002023
002165
600550
002277
000903
600279
002819
603390
002364
002292
002103
600798
002403
600379
002105
600698
000722
600505
603069
300598
300080
600478
300408
600313
605368
300043
600765
300458
300592
300263
300417
600653
002638
300193
600720
600630
600586
