000905
600053
600658
600743
000605
002286
300927
600207
300069
600881
000677
001222
301335
301112
600198
600807
600234
601579
000903
600379
301662
600279
603390
603321
301571
601858
002672
001332
300546
603716
600759
300429
600375
600841
002437
605167
002743
000973
600732
601611
603456
600363
301230
002121
600489
000822
300558
002246
300347
600059
000777
600452
300639
300281
002427
600610
600468
002165
000420
600279
002456
002819
603390
000722
002364
600379
002292
002570
600505
000670
600798
002103
600698
600281
000677
002403
300489
600468
300418
301316
603949
002465
000695
000677
300489
002389
603390
000859
600610
002364
000710
002819
601956
000420
600281
002427
000670
600698
600279
301007
002886
002292
603004
002456
603086
600006
002846
603232
002570
002023
002617
000722
002165
002103
600798
002519
002074
603009
600505
600521
002584
002045
603906
600493
002123
601127
002403
600495
600990
002952
002580
600379
002990
002317
600805
605033
002259
002672
603101
002362
601858
301517
300546
002114
300179
600756
603619
300173
300968
300263
600724
002119
301153
600121
300588
