002161
600379
600279
603321
301105
600495
002259
002846
601611
300900
300493
002533
601399
601633
002376
002743
603068
300533
603015
300997
600616
600577
300854
600363
300210
600262
600875
300494
603258
300092
300656
002438
000600
300281
301181
002300
000593
002862
002427
002165
002074
002456
002570
301277
300703
600463
000722
600495
002364
600279
600805
002835
300703
600476
002427
002682
002103
605069
002584
000722
002161
000953
000838
603777
000710
603960
603076
600558
002862
601956
603065
002570
301277
002194
000777
600756
601858
600650
002229
600279
002616
002456
601127
301112
600495
002617
600202
600439
002074
002654
002045
603004
603922
002292
000045
600493
301316
000881
002317
600105
002364
000677
603086
600463
002123
002580
002165
000545
301007
002886
600805
002403
000695
605008
603733
603227
600596
603171
603348
