600279
603321
301105
002829
300261
002595
300438
002391
300534
000151
603013
600486
300796
600179
603237
600686
300857
300509
300455
002121
002224
603716
002300
002326
301035
605196
600118
300158
300200
600708
601872
000565
002165
000722
002862
001367
002258
600495
600650
600105
000565
002682
603767
002907
600172
603697
603599
600202
002229
000639
002094
300678
000573
000777
002194
002835
605151
000881
601127
603777
300578
000078
000710
600189
002161
603906
002437
600756
002403
603768
603970
600558
002617
002584
002580
002165
002862
000722
603086
002074
300418
301316
001367
000695
300711
300836
