001367
002259
301095
600834
300265
000652
300067
300857
600577
002313
300532
002724
300798
300191
002533
603825
002198
300055
002148
002468
002771
000151
600916
000565
601127
002136
300418
601956
000510
000859
603359
301260
600805
002177
603506
600678
002973
002342
605188
002278
603006
600476
600650
002229
601127
603680
002829
603359
002437
600558
000777
600202
300418
002550
002519
600439
002682
603767
301260
301316
603366
603839
002549
000510
603004
605069
000695
002094
000639
600612
000859
002998
600189
002194
002990
603599
000881
600172
002258
605303
601956
603777
002946
002566
002556
600616
002862
002136
003042
000565
301366
300488
301616
603409
002866
002955
002871
603956
300986
300131
603207
001228
000829
603516
300456
603602
002880
300975
000567
