000545
002574
601929
000421
001258
000591
300348
300663
300177
002152
300900
600936
000948
300046
003040
300541
600787
301366
600880
601929
002376
603222
300053
300579
300478
000676
603101
300465
300941
002019
002743
000565
601127
603639
002286
002987
600834
600391
600212
002194
002609
002657
001277
000037
000555
002015
601127
603686
603127
002278
002968
002317
002355
600666
002277
603030
002232
603918
002383
600571
600446
603256
002055
603797
002224
002829
000981
002861
002393
603089
002743
002869
002955
002920
605366
002448
002995
600686
603066
002549
600869
002778
000545
002418
600105
600550
603639
000565
603701
603169
600081
600805
002576
001208
600468
000890
605188
002286
603813
002379
