000510
002846
002229
300858
300575
002574
300422
603006
600678
601086
002973
600960
600893
600196
603229
301269
605499
603998
002097
002313
600787
600326
300315
002708
603207
603956
300034
300129
300402
300569
605296
300971
002229
600105
000565
603169
603332
600678
600644
600006
002973
000561
002549
600550
002103
600081
002286
603006
605188
603065
600391
000677
603127
002657
002987
603256
600756
002278
603030
003042
002393
600834
002194
000555
002317
002103
002355
002383
002015
002094
002277
600476
301095
600571
600686
600550
600644
002437
000981
002549
600105
603065
600678
603006
603169
002229
000561
600006
002286
002973
600081
000565
603332
605188
301090
003008
300218
301528
600784
002454
002266
300926
001289
301358
002709
300037
603377
000933
600475
300735
603508
603687
603312
001306
603995
600356
001229
