000510
002846
002229
300858
300575
002574
300422
603006
600678
601086
002973
600893
600960
600196
603229
301269
002097
000738
300402
603998
002313
002708
600658
600787
300348
603956
300315
301293
605499
300034
300430
600326
300569
603207
000801
002100
003040
300129
600352
002840
002132
002229
600105
603169
603332
600678
000565
600006
600644
002973
002549
000561
600550
002103
603006
002286
600391
000677
603127
002657
002987
603256
600756
000078
002278
603030
003042
002393
600834
002194
000555
002317
600446
002103
002355
002383
002015
002094
002277
600476
301095
600686
600550
600644
002418
002437
000981
002549
600105
600678
603006
603169
002229
000561
600006
002286
002973
000565
603332
301018
300488
300131
603377
600779
002334
603369
600331
300183
300249
600980
002397
300212
301330
300513
300776
300370
603700
301085
301090
002578
002568
002430
002335
300218
300956
300279
002614
300263
300383
301030
603029
300375
300472
300474
300933
002084
300580
