000510
002846
002229
300858
300575
002574
300422
603006
600678
601086
002973
603995
002097
600196
603229
002313
600893
603998
600787
002223
300348
301269
300315
300677
603956
300402
600326
600658
600570
003040
300569
002100
300674
603132
603207
600415
000801
002419
300971
600960
300699
002708
002229
600105
600550
603169
600678
000561
000565
603332
002286
600006
600644
002549
002973
002103
603006
600391
000677
603127
002657
002987
603256
600756
000078
002278
603030
003042
002393
600834
002194
000555
002317
600446
002103
002355
002383
002015
002094
002277
600476
600686
600550
600644
002437
000981
002549
600105
600678
603006
603169
002229
000561
600006
002286
002973
000565
603332
301327
002169
605180
300604
001311
603396
300747
301280
600292
300666
605577
600784
002865
002467
300161
603529
603109
300127
600865
300193
603055
001301
603977
000050
002572
002009
002372
603035
300428
600054
603197
300223
300365
002812
002935
