002229
002574
300575
300422
603006
600678
601086
002973
603506
300698
002995
603089
002968
002097
003040
300674
300348
002313
600196
603229
300181
300579
600893
600570
300905
002634
300753
000801
600216
301269
300629
002152
600326
300397
600658
603998
300699
603956
300551
301293
300402
002268
600184
002982
603359
002229
001212
002829
000561
600105
600644
600006
600678
603332
603169
002574
000565
002973
002103
002549
603006
002173
600743
002657
003009
603017
002900
603256
003035
000561
600543
002162
002987
002094
000555
002103
002194
002829
002393
002982
600571
002015
600446
002574
600666
603006
600105
002310
002317
300169
301095
002549
002355
600006
603127
600476
000981
002418
000565
002278
002383
600391
600644
603477
000029
600678
600756
603169
603332
000677
002277
002229
002973
603359
600686
003041
600834
001212
603377
001217
002663
600381
300899
301200
603516
603186
600230
000603
000753
301127
300781
300733
300435
301265
301313
301233
301171
000882
002659
002333
300164
600331
300218
002578
603258
