002574
600530
603697
300422
603006
600678
002829
002973
601086
603089
002878
002875
603226
000547
002826
300747
300181
301592
002181
300957
301287
300691
002558
300307
000547
300397
002097
600880
002395
002988
603229
300233
300352
601007
300725
002038
600037
603520
301533
600633
002735
002286
002229
002882
600644
600551
601086
002982
001212
603332
002549
002574
603093
603956
605599
603906
600259
002829
002246
002229
002286
600530
002574
002342
002612
002526
002940
601825
002644
600250
000599
002882
601086
601069
002987
603169
001212
603332
002735
603127
000639
002467
000555
002549
001268
600651
002347
600830
600644
002317
002103
002310
002173
600212
002669
600551
002162
002982
003035
600561
600543
301002
300212
300477
301169
603119
300351
001389
