600678
000539
002968
002418
002875
600561
002798
000400
002090
600178
600698
300513
301162
002546
600027
601788
600392
600738
000400
603306
001236
301162
301399
301141
600884
600593
002719
300620
603283
002387
300886
000950
000576
300911
002116
300035
000565
002735
603686
002229
002365
600006
600676
603169
002633
002015
001338
600110
300682
002055
603023
600250
603042
002526
000555
002290
601700
002365
603956
603099
002418
002431
003009
603711
002448
603305
605009
002173
603169
002829
600830
002741
002866
603863
002229
002952
600676
002286
002785
002956
002682
603208
000546
002615
600794
000888
002467
002612
603686
002735
002275
000838
002191
000565
002644
603221
002633
600006
300882
301233
600995
603507
