002418
002900
002875
300016
000989
605006
002798
300949
603077
600621
300364
300444
603211
300153
601788
300748
002281
300136
601211
600633
002837
002658
300846
600551
002229
002735
603900
600006
300003
603686
000565
003010
603390
600794
000506
600939
605006
000665
600589
002467
600794
002335
605298
002491
002184
603083
002339
001389
603686
600178
000565
605018
603906
603106
002418
605066
603392
002094
002856
001258
002115
002735
002265
600110
603390
600561
003010
600006
600601
603305
000555
000989
002229
002609
002090
600446
603991
000530
300003
001379
002981
001309
002932
603176
600698
603901
603900
600551
605299
603109
601007
002431
002596
003022
301026
600278
002287
600339
600208
002163
600615
603379
001227
605566
