002900
002875
000989
300703
002969
001390
000558
601059
300058
300672
601198
601788
000409
002601
000810
600531
002605
300474
600459
002148
002596
601881
002757
603688
603068
300846
000886
601061
002227
002645
002427
000695
002342
603392
002090
002878
000953
600698
603686
300945
601086
002431
000989
000565
002669
002491
002741
000665
603906
600250
002335
000510
600794
000530
002173
605066
600589
603686
002184
002339
603106
000989
002115
002427
000565
601086
600178
601007
002342
002969
003035
002878
002090
000695
002431
603392
300945
600698
000953
300338
601995
000513
300154
603288
605090
603889
000999
002117
300653
600377
002267
300760
