002900
002875
000989
300703
002969
300124
600980
600221
002449
000409
000558
001298
002037
600531
002757
000737
002148
000810
600459
002605
601198
300672
603068
601788
601059
300311
300352
002827
300748
002227
002596
601061
000612
603688
300578
300474
600490
002645
600582
002427
000695
002878
002090
000953
002342
600698
603686
002431
603392
601086
000989
002669
002491
002741
000665
603023
603906
605018
605006
001268
600250
002335
000510
600794
000530
002173
605066
600589
603686
002184
002339
000989
002115
002427
601086
002055
600178
601007
002342
002969
003035
002878
002090
000695
002431
603392
600698
000953
300547
300127
000795
301622
300631
300552
603072
600421
300684
300227
300338
601828
