002900
002875
300016
000989
300703
002090
300082
002622
600730
003008
000791
603000
600863
300240
600221
000558
001298
000409
300793
300748
300766
601198
002148
002093
000735
002757
603086
300095
300493
301026
002037
002645
301123
600763
300637
300672
601788
000737
000612
300311
603068
002827
002596
002605
002227
300846
000810
002443
000886
002096
300474
301536
600459
600531
603688
605033
003010
002427
000695
002342
002090
601086
603686
600698
002612
000953
300945
603392
002431
603937
002629
603680
600800
600589
600151
002427
600735
603906
601086
002342
000953
002741
002491
600322
002612
000603
600844
600250
605066
000665
600178
002716
002090
002055
603106
603686
300945
000815
002115
600794
601007
002522
002184
600698
002335
002173
002153
002339
000722
601789
002431
002669
002992
000530
002969
605033
002213
000599
603045
603392
601212
000695
000510
003010
600403
605122
001330
002208
300684
