300016
000989
300703
603823
600082
603829
002391
002629
003040
300584
603032
301357
300798
300061
301141
300493
300450
300230
301187
002163
300587
000403
000558
300101
000573
603507
300191
300043
603998
301393
301520
002093
600128
000532
300127
300895
300224
600366
600221
600588
301149
300672
300907
300243
601198
300010
603313
002640
002471
603011
002105
002437
002878
002651
600418
301137
601956
002846
600530
300995
002427
000989
601086
000695
300016
002342
300945
600927
301137
002793
603538
002882
002437
600530
600418
603032
603011
601007
002629
300016
002640
000599
600881
002471
002440
002017
002105
002581
002878
002038
002513
601956
002427
000722
601212
600800
603429
603680
002522
002716
000795
600059
300995
600589
300945
601789
000665
601086
600520
000695
002213
000815
002342
601059
000989
603598
605066
603829
002846
002775
002651
002622
002391
600735
002153
600082
300338
