600939
300237
600229
605376
603335
300745
605151
002243
300217
300109
601083
002363
002632
000507
601599
301091
301011
000088
300240
000524
603990
002707
600366
601018
300132
600577
002678
000833
603659
300327
300133
002227
300245
002274
603162
000826
603011
601086
002651
000695
603716
603019
002878
002040
600601
603065
600418
003027
002343
600798
002161
002300
601008
603598
002038
000695
002651
603538
000795
600589
002105
603697
603011
002640
002437
002017
002440
601956
601022
000826
000665
605009
002115
002339
002122
605299
601086
000722
002391
002427
002480
600644
002471
603917
301398
300745
605319
300675
603124
603107
300408
603190
300977
603335
000058
301313
002454
301038
301266
600860
300155
600635
300471
300778
002888
603035
000089
002226
605151
300679
301299
002996
301560
000068
002314
002101
003028
002036
301022
600732
300264
002351
301428
