603679
603215
002449
300191
300793
300520
601377
600481
300333
300622
002056
601908
300494
300428
300533
003015
301101
600010
600732
002301
002057
002119
300066
301535
301219
601609
603390
002471
002779
603011
002882
605388
600644
603042
000533
002900
603017
603003
603124
002161
002826
603335
002122
603982
603587
002779
603722
001234
001316
600589
603725
002882
002923
605018
600644
603716
600601
002343
002426
002115
603011
002996
000815
601059
000014
002640
600751
000948
603586
603598
003027
603042
603258
603019
002900
600223
002300
603917
002339
603017
000533
603980
002759
002842
002471
000702
601022
002955
603390
002480
600798
605388
601008
301160
300191
600605
