605033
600706
601008
300164
002828
603353
000554
601216
600120
603619
002208
300248
002019
601238
300254
301171
002117
002057
002264
600872
601377
300520
000682
300793
301233
300242
003010
002471
601008
002882
002040
002467
605388
600798
603390
002887
002237
003010
002755
001316
605033
603538
600644
002366
603232
002040
002449
000795
600798
002727
601008
603011
002902
002653
000403
603015
603215
000948
002467
603758
002996
603019
603096
002426
002862
603239
002900
002882
605388
603587
600658
002923
002471
002640
603190
002164
603106
603586
603124
002161
600280
603390
002826
603630
002343
002011
300135
300424
603138
000011
600506
000096
300696
601369
600803
300722
600026
301273
000799
002561
301516
000778
