605033
301287
603716
300619
300299
601008
002556
001234
603335
603982
002376
600339
300682
600026
002019
001337
600547
601872
601808
300397
000968
300719
002724
600583
300722
300943
300887
300527
600727
000970
300248
300450
600468
002734
002376
002471
002298
002017
600644
603332
603906
002348
002640
603335
002317
002882
601008
300640
605388
300299
605151
002862
603879
002651
002440
002237
002040
002449
002366
600798
603879
603906
601008
600644
603019
000795
603011
002882
603982
002640
002826
002376
002862
002471
600468
002298
002017
002317
605388
605151
603332
603335
002734
002348
300640
300299
002296
603583
002895
300205
603568
000068
300405
601811
600234
300628
603916
300808
300239
301234
603616
000011
300665
002494
300903
600648
301355
301238
002634
000828
002016
300515
002128
601089
300878
600725
002034
300889
003032
603205
001366
301429
301658
002149
603137
002715
300796
600468
605388
603382
002556
002900
603223
605018
600250
000722
300804
603335
002427
603208
300723
301070
300740
603677
603123
300918
605009
