605033
301287
603716
300619
300299
601008
002556
001234
603335
603982
002376
600339
300682
600026
002019
001337
600547
601872
601808
000968
300397
300719
600583
000970
300722
300943
300527
300887
002724
002678
300248
600727
600468
002734
002376
002471
002017
002298
603332
600644
002348
603335
002317
002640
002882
603906
300640
601008
605388
300299
605151
002862
002164
002651
002440
002237
002040
002449
002366
600798
603906
601008
600644
603019
000795
603011
002882
603982
002640
002826
002376
002164
002862
002471
600468
002298
002017
002317
605388
605151
603332
603335
002734
002348
300640
300299
603583
002296
000068
603268
603869
603916
300996
002287
301234
600739
600648
600376
300978
002634
002016
605398
600639
300515
600725
002641
002816
600936
002895
000897
300926
301355
000551
300878
300021
002943
