605033
301287
603716
300619
300299
601008
002556
001234
603335
603982
002376
600339
000519
600026
300682
300008
002977
601808
003009
300397
601872
600727
002019
600855
001337
600583
300887
000852
002297
002413
000159
600256
002555
000968
002829
600547
600028
300943
300722
600967
601975
300719
300527
601216
300099
600968
600989
300248
603727
600316
600435
601606
600468
002376
002734
002471
002298
603332
002017
601008
002348
603906
600644
002640
002317
603335
002882
300640
605151
002651
002440
002237
002040
002449
002366
600798
603906
601008
600644
603019
000795
603011
002882
603982
002640
002826
002376
002471
600468
002298
002017
002317
605151
603332
603335
002734
002348
300640
300131
300592
300160
603214
002641
603733
300590
000779
300211
601995
603058
300687
002296
603081
002897
600513
300869
600320
301191
603385
002810
300777
603938
002534
605060
002559
300304
601019
300503
600336
300188
000421
003038
300302
605183
300351
601801
002697
002091
002151
