301287
603716
300619
300299
601008
002556
001234
603335
002376
603982
002887
300460
002164
600280
002348
300333
000791
002222
002139
600727
600339
603336
600026
300682
300172
002554
600570
601808
300696
300008
300201
600968
600583
300397
002208
600855
601872
000968
600256
001337
300887
000159
002977
600547
300115
000852
600989
002097
000096
300527
601216
300719
300943
002678
000791
300722
002297
002980
600468
002376
002734
002471
603332
603879
600644
601008
002640
002298
002317
603335
603906
002882
300640
605151
600367
603988
002109
000881
603619
301357
002246
601069
603879
600798
002317
002366
603982
600644
002826
002040
600871
002298
002640
603706
603019
002190
603906
002449
000795
603928
002734
300640
601008
603011
603880
002583
000822
002882
002319
002651
002237
002440
002471
002376
603332
600468
000520
603335
002393
001896
601718
605151
002980
301022
603037
300488
300313
300679
002218
301208
000012
301152
003004
301313
600548
002139
002628
301607
301181
301049
000869
002949
300633
300917
300103
300751
002941
002563
002287
000913
600197
300152
603275
603186
002879
601615
603001
300769
300996
301068
300242
301595
002796
300236
002943
300226
300294
300063
600936
300175
300656
300985
300375
002307
002845
600463
600461
