300299
601008
603716
001234
002556
300745
603587
603215
002887
002348
001278
600775
603610
300884
603151
600624
300663
002536
300903
301313
601216
002202
300084
601615
002117
300609
605318
300443
003015
002892
300829
300579
603656
002649
300469
002657
600610
002550
605198
002900
300299
002298
001278
603332
603139
001236
000881
601718
300299
603587
002657
002537
605398
002366
002348
002887
000590
002550
002190
603688
003036
002449
002246
002384
002291
002393
600610
603258
002900
603019
000822
002269
000948
002208
600570
600644
002115
600871
601069
600367
603332
300521
600259
001296
603139
301357
002593
002583
002298
002040
002376
001278
605198
603048
300457
300807
002243
603579
002967
600774
301606
