002556
300745
603587
300237
002887
002348
600714
002109
300311
600551
300767
000995
600199
301293
300430
300084
600026
300769
002506
000619
600446
300007
301308
300256
600855
300142
300531
000407
000997
300663
300793
300008
300172
000516
600830
002119
300171
000519
002925
001309
601808
300943
002731
003029
600259
002181
600610
002376
002550
603215
600113
000777
001331
600405
002173
002899
002855
600617
600367
002190
601975
002734
600775
001236
002208
000520
002657
002537
000766
603353
601718
003029
605398
603579
002384
002731
603086
600475
603222
600110
000822
002449
600871
002376
002181
600570
600610
002391
603106
600478
002583
603587
002930
002115
002291
000020
002246
002164
003017
000788
603610
600792
300251
600259
002513
600960
002800
002780
002550
001378
301077
600386
601388
600663
603701
603033
000819
605580
002461
300820
603798
603319
600779
605008
300770
300795
605566
301183
