300987
002348
003017
002678
301197
300016
002173
002401
300271
002125
300731
000637
002402
002369
002916
300324
001314
300551
301308
300302
300657
300153
603920
000915
301092
300663
002413
300827
301251
002636
002938
603186
300123
603306
301628
603228
600184
300177
300649
300739
300084
001309
300131
301586
603069
300578
002471
603093
000525
002980
600610
300251
000701
002615
603585
300016
002376
002348
002550
002492
600610
600367
301357
600775
002150
002676
601606
002384
300872
603255
601089
600992
600478
002115
001331
002855
300016
002657
600570
002348
300251
600405
002374
600302
601975
600759
002550
002376
002583
002449
002980
603123
002615
002899
000701
605398
002190
002471
002734
000525
000520
002492
603706
002246
603585
600960
603093
300599
002597
002634
300422
301428
600119
