000520
003017
300941
600328
002067
301180
002799
002669
300660
002402
600328
000821
300007
300352
300084
002137
600333
600825
301180
002636
300271
300373
601869
301428
300624
300055
300781
002700
002080
301262
300135
000407
300589
603002
300437
300250
301550
603366
605169
002176
002734
002537
002471
603123
300251
002190
002583
600980
002550
603332
002951
600543
002615
000525
000777
002348
600570
000766
002246
002678
000881
603823
603928
002805
002343
000520
605298
603685
002514
002240
002374
603222
600478
000159
002550
000525
600610
600980
002769
002676
601975
002615
600992
002583
000881
002384
002115
000766
300251
002348
002476
002190
002150
600570
603533
000020
002734
600871
605580
002268
601718
002678
002246
000777
605268
301357
603353
600302
600617
600463
002537
601069
600775
603918
002471
600543
300872
603123
603332
002951
603155
301376
300960
603726
301300
001324
300329
002159
002830
300175
301022
600336
600376
301365
301312
603272
600689
002067
301048
003041
301002
002783
603201
300293
301202
600173
300966
300599
603219
000534
001269
600337
603856
600743
301565
600715
605366
301577
600756
301511
300467
605155
