600759
000520
301158
003017
002109
300682
301197
300941
300753
600775
600227
002173
300252
300311
301217
300173
000584
002057
603119
600199
300046
300465
603200
002866
300647
600520
002402
603002
600288
300142
300801
300490
300057
002457
601778
301487
603680
300409
002068
301658
301012
603706
002685
300260
603125
002338
002366
002537
002878
002734
603123
300251
600551
600714
300872
002471
600759
002109
600570
300753
600775
002769
600281
603332
000554
000525
600960
002951
002657
002374
600992
603688
603823
001296
605298
002805
601975
600610
000159
603685
000520
002240
002514
002537
002463
002343
600570
300251
603533
002268
002173
002657
300872
002213
300291
603123
603918
000525
002769
002471
600759
600281
000554
600775
002366
600960
603332
002734
002951
600714
600551
002878
002109
300753
301033
300633
300030
603663
603160
300813
600137
601515
301131
300614
600851
301363
603658
605028
301060
300677
002859
301602
301580
300319
