600759
000520
301158
003017
002109
300682
301197
300941
300753
600775
600227
002173
300311
300465
300801
300252
002057
002866
603002
002402
002189
301217
600199
600288
300647
600520
002457
300046
603198
300142
300490
001217
300057
603200
300171
300173
002338
603119
601778
002685
301487
603680
002537
002366
300872
002734
002878
600759
600714
601718
603123
002471
600551
600570
000554
300251
002109
300753
600775
002769
003017
000777
603332
600281
002374
600992
603688
603823
001296
605298
002805
003017
601975
002676
600610
000159
603685
000520
002240
002514
002537
600478
002463
002343
600570
000777
300251
603533
002268
002173
601718
300872
002213
300291
603123
603918
002769
002471
600759
600281
000554
600775
002366
603332
002734
600714
600551
002878
002109
300753
300188
000078
002578
301221
600959
600682
301323
601002
300376
000802
603136
300716
002063
002516
603739
000801
002515
002529
000608
000819
002496
600399
605228
000820
000531
600155
301171
001282
603116
002888
000929
