300682
301197
300941
002930
300753
600775
600227
002173
002213
301182
603918
300291
300562
300618
301097
300655
300252
002057
301511
300562
002189
300046
601083
300121
600520
300465
002866
600199
002320
002402
300647
603198
603002
301217
300950
002457
603200
002338
605169
603119
300490
301487
300173
300142
600288
600759
002366
000695
000554
002878
600714
002734
603123
300872
600551
002471
601718
300251
603332
002492
003017
002769
000777
600775
601975
000554
300291
000520
600794
002492
002734
600759
002366
603212
603538
603120
002343
002930
603533
300872
600714
002805
002769
603616
002268
603123
002240
002506
300251
603688
000695
002846
002067
601718
002514
000995
002272
603065
601908
000159
002173
603823
002471
603918
000777
603161
003017
600775
600773
601121
002878
603332
600992
002463
600876
600551
002374
603685
605298
300633
300426
300049
301213
600386
003028
002631
300072
000711
002219
000697
600173
301602
301221
301101
003038
300618
002328
300613
000848
301551
000820
301368
603319
301580
300823
300319
300230
603081
301163
300547
300653
603108
