300753
002173
002703
600650
000572
300310
002210
002813
002976
301488
600156
301178
300618
603005
300173
301101
603200
601188
300107
301238
300486
603186
002212
300390
300579
000009
300079
300465
002866
300213
300568
300046
301003
601008
600800
603880
603123
002471
000525
002882
002565
000584
003026
000555
002824
600955
003015
600698
600666
600800
002040
000561
603033
002343
002173
603880
600201
300485
002657
603257
002072
002805
002471
002514
000576
603123
600478
002463
603578
603716
002272
000525
002268
601908
603212
002067
601008
600379
000695
002506
002413
600844
002278
002753
002421
002769
600858
000547
000777
000881
601718
601022
002930
000520
000159
