603332
300483
600858
000633
002254
600729
603336
300169
300803
300757
300310
002530
301000
301165
300432
300611
603663
300951
002806
002057
002036
002405
002866
600710
601311
300568
002254
002148
603399
600156
300207
301488
300285
000554
603209
002463
002471
002800
601177
603982
600698
605398
603106
002355
603980
002210
603258
000903
603800
603226
002366
000572
603119
600592
002413
603275
603657
000561
002463
002281
000016
002741
002227
002562
600650
002240
000881
603920
603032
600513
002542
000065
603123
600212
002453
002657
000555
002471
603390
601008
600666
002051
002175
000584
002800
002343
603209
000554
