000584
000633
300698
002921
300368
000700
000829
300959
002239
300697
603210
605228
001282
603037
002416
002906
300988
002048
300375
605319
000829
301101
003028
301535
300959
300975
300913
002239
603099
002819
300063
600054
603956
603726
600459
002908
002803
300579
002703
600156
002366
002976
600367
002921
002426
603776
300340
002724
600156
000065
603136
002703
600391
603776
000973
600318
002413
300046
002921
000903
000519
002426
603228
600250
601519
000555
000026
300340
002281
002609
600604
003009
002366
002342
002427
003015
002086
002799
002278
000607
300635
605128
600734
002178
002976
600706
000632
002365
600367
600798
601133
605228
300552
603035
002997
301267
300812
600741
603216
601231
603207
603773
002613
