600798
000584
000633
300698
002921
300368
300489
300489
600362
000878
300401
601609
000630
002414
300620
600361
002938
300604
002416
300913
300184
600338
300887
300843
600810
601168
600331
300688
002490
002017
002366
002207
600858
002365
300698
600798
002703
003026
000572
600250
600391
002824
002426
300698
603716
000547
002017
603920
002626
300046
002703
000519
002281
002213
002741
002413
603906
600184
002657
002769
600590
002366
000973
600798
002167
002342
600794
600610
002365
600858
002490
002207
603179
300037
600323
