688795
300749
301526
300421
301529
301486
688048
300427
300377
301005
301183
688031
688323
300940
300139
688102
300102
300503
688143
300062
300900
688333
600227
600868
300368
600973
600981
002589
600984
002682
000035
600693
002295
600650
600366
000632
603015
002149
600105
605299
601696
002228
002702
000070
002679
600800
600218
600343
603709
002885
600721
002961
000811
605598
002779
603696
603067
002977
002830
002585
000901
000859
000547
603052
600151
603122
002093
000905
002660
002083
603886
605303
001360
002565
000078
002300
002578
601399
603386
603177
600302
601106
000639
002752
600734
002969
002218
600595
002379
300884
300560
300300
300570
301306
300762
300129
600219
300748
300885
603216
300903
002023
600711
300115
301117
000797
301136
605086
300085
300803
000970
002498
603011
002788
002353
000592
603667
002268
603383
601519
601601
600775
002927
002903
601126
002428
300620
600815
600501
603308
300680
300516
300394
600320
601100
002596
300455
300053
603698
000807
002028
000701
002413
002560
000561
601318
301517
000973
601377
002202
300123
600067
000735
600362
300045
000725
600118
003009
001270
300136
603169
600103
601319
000060
600707
600855
000753
002264
002036
002792
603778
601600
600163
601168
001208
002398
600095
600828
002593
601179
000100
605123
300549
603668
002114
603131
002474
002171
000969
000657
300059
300033
301232
300290
002639
000510
000630
002222
002255
600033
600255
600879
002520
600309
000993
600203
002281
601212
002729
000988
603933
000572
300446
600157
002544
002031
600271
300456
688523
603162
000878
002465
002025
000530
603601
603817
000737
001330
600592
603993
002046
601211
600340
600802
002651
002217
300342
600376
300274
002307
600030
603083
002512
601611
002297
600089
300589
600829
600010
601899
301171
002195
601698
601689
002029
300475
600549
002519
601162
002335
300750
600111
002347
600408
601985
600745
300450
601727
601360
601606
600522
002625
600172
300502
002487
002594
600509
300124
002050
600252
002632
000536
600467
000981
000566
601012
002600
300058
600519
000333
002230
002131
300308
002938
601566
600580
003018
601127
002235
002460
601888
603799
000002
601138
002475
600678
300476
600930
300638
600977
603019
002611
300324
688256
603359
002686
301510
002709
603986
000063
002759
300095
002407
000678
002348
002463
000838
002065
002925
603906
002575
300269
000633
600246
002344
002107
603843
002713
003016
001280
600272
605255
603327
000952
300250
000692
600167
600635
001211
002402
