600719
603836
301252
001326
301141
000558
603590
002026
300437
603316
605255
603931
002564
603929
603726
300941
603636
603163
002208
300006
600272
000701
002847
600319
603829
000952
000592
000695
001203
001318
002136
002732
002805
002903
002983
600234
600721
600977
603999
605133
605303
000007
000063
000888
001234
002108
002563
002578
002611
002778
002806
002862
003003
300638
300903
301256
301567
000572
000735
002686
003011
600408
603122
603536
605108
002084
600403
000592
000695
001203
001318
002136
002732
002805
002903
002983
600234
600721
600977
603999
605133
605303
000007
000063
000888
001234
002108
002563
002578
002611
002778
002806
002862
003003
300638
300903
301256
301567
000572
000735
002686
003011
600408
603122
603536
605108
002084
600403
